-10.2 6.81637 0
-10.1 7.70011 0
-10 7.74136 0
-9.9 7.7533 0
-9.8 7.77953 0
-9.7 7.79941 0
-9.6 7.82787 0
-9.5 7.84481 0
-9.4 7.879 0
-9.3 7.9185 0
-9.2 7.92393 0
-9.1 7.95111 0
-9 7.97122 0
-8.9 7.98656 0
-8.8 8.02697 0
-8.7 8.04451 0
-8.6 8.08678 0
-8.5 8.09671 0
-8.4 8.13013 0
-8.3 8.15067 0
-8.2 8.17887 0
-8.1 8.21496 0
-8 8.23665 0
-7.9 8.26698 0
-7.8 8.30261 0
-7.7 8.34684 0
-7.6 8.36999 0
-7.5 8.40369 0
-7.4 8.44397 0
-7.3 8.47904 0
-7.2 8.5295 0
-7.1 8.56272 0
-7 8.60462 0
-6.9 8.64715 0
-6.8 8.69594 0
-6.7 8.73043 0
-6.6 8.78748 0
-6.5 8.85291 0
-6.4 8.8983 0
-6.3 8.95728 0
-6.2 9.03117 0
-6.1 9.08851 0
-6 9.18409 0
-5.9 9.27165 0
-5.8 9.34943 0
-5.7 9.4492 0
-5.6 9.56223 0
-5.5 9.70049 0
-5.4 9.87986 0
-5.3 10.0885 0
-5.2 10.4173 0
-5.1 10.8935 0
-5 11.8237 0
-4.9 13.0388 0
-4.8 14.1606 0
-4.7 14.6049 0
-4.6 14.4979 0
-4.5 14.5539 0
-4.4 14.85 0
-4.3 14.8665 0
-4.2 14.6853 0
-4.1 14.8073 0
-4 15.1607 0
-3.9 15.1801 0
-3.8 14.9756 0
-3.7 15.0057 0
-3.6 15.3628 0
-3.5 15.4638 0
-3.4 15.2878 0
-3.3 15.2472 0
-3.2 15.607 0
-3.1 15.7504 0
-3 15.6182 0
-2.9 15.5237 0
-2.8 15.7886 0
-2.7 16.1295 0
-2.6 16.0856 0
-2.5 15.8056 0
-2.4 15.98 0
-2.3 16.3677 0
-2.2 16.464 0
-2.1 16.2491 0
-2 16.1882 0
-1.9 16.5 0
-1.8 16.8857 0
-1.7 16.8533 0
-1.6 16.5792 0
-1.5 16.7335 0
-1.4 17.0847 0
-1.3 17.3626 0
-1.2 17.2973 0
-1.1 17.1629 0
-1 17.3353 0
-0.9 17.7942 0
-0.8 18.0396 0
-0.7 17.8625 0
-0.6 17.6808 0
-0.5 18.053 0
-0.4 18.6555 0
-0.3 18.7916 0
-0.2 18.5035 0
-0.1 18.4484 0
8.88178e-16 18.8747 0
0.1 19.5195 0
0.2 19.801 0
0.3 19.4425 0
0.4 19.3234 0
0.5 19.8238 0
0.6 20.5601 0
0.7 20.7899 0
0.8 20.543 0
0.9 20.3733 0
1 20.8734 0
1.1 21.7927 0
1.2 22.229 0
1.3 22.0063 0
1.4 21.7288 0
1.5 22.2043 0
1.6 23.067 0
1.7 23.7772 0
1.8 23.8031 0
1.9 23.3975 0
2 23.5565 0
2.1 24.6618 0
2.2 25.7812 0
2.3 25.9595 0
2.4 25.5445 0
2.5 25.4135 0
2.6 26.3054 0
2.7 27.7827 0
2.8 28.8122 0
2.9 28.5983 0
3 28.0772 0
3.1 28.5687 0
3.2 30.1452 0
3.3 31.7691 0
3.4 32.2453 0
3.5 31.857 0
3.6 31.7352 0
3.7 33.2188 0
3.8 35.47 0
3.9 37.3207 0
4 37.6516 0
4.1 36.9479 0
4.2 37.3207 0
4.3 39.6084 0
4.4 42.768 0
4.5 45.8203 0
4.6 48.3211 0
4.7 52.0818 0
4.8 59.2607 0
4.9 71.4341 0
5 85.0333 0
5.1 98.6872 0
5.2 111.05 0
5.3 123.063 0
5.4 131.776 0
5.5 140.044 0
5.6 148.401 0
5.7 152.963 0
5.8 157.564 0
5.9 170.406 0
6 221.397 0
6.1 0 0
6.2 0 0
6.3 0 0
6.4 0 0
6.5 0 0
6.6 0 0
6.7 0 0
6.8 0 0
6.9 0 0
7 0 0
7.1 0 0
7.2 0 0
7.3 0 0
7.4 0 0
7.5 0 0
7.6 0 0
7.7 0 0
7.8 0 0
7.9 0 0
8 0 0
8.1 0 0
8.2 0 0
8.3 0 0
8.4 0 0
8.5 0 0
8.6 0 0
8.7 0 0
8.8 0 0
8.9 0 0
9 0 0
9.1 0 0
9.2 0 0
9.3 0 0
9.4 0 0
9.5 0 0
9.6 0 0
9.7 0 0
9.8 0 0
9.9 0 0
10 0 0
10.1 0 0
10.2 0 0
