-10.2 9.76261e-05 0
-10.1 0.000109455 0
-10 9.5298e-05 0
-9.9 0.000111099 0
-9.8 0.000102863 0
-9.7 0.000102764 0
-9.6 0.000109668 0
-9.5 0.000103303 0
-9.4 0.000112967 0
-9.3 0.000104307 0
-9.2 0.000106604 0
-9.1 0.000104037 0
-9 0.00010262 0
-8.9 0.000106638 0
-8.8 0.000104654 0
-8.7 0.000107087 0
-8.6 9.6094e-05 0
-8.5 0.000100011 0
-8.4 9.64201e-05 0
-8.3 0.000103491 0
-8.2 0.000102545 0
-8.1 9.29891e-05 0
-8 9.6598e-05 0
-7.9 0.000108146 0
-7.8 0.000115393 0
-7.7 0.000105659 0
-7.6 0.000105631 0
-7.5 9.82269e-05 0
-7.4 9.29679e-05 0
-7.3 9.63991e-05 0
-7.2 9.42803e-05 0
-7.1 8.50682e-05 0
-7 9.43522e-05 0
-6.9 9.12294e-05 0
-6.8 9.06937e-05 0
-6.7 9.99835e-05 0
-6.6 9.45528e-05 0
-6.5 9.00234e-05 0
-6.4 9.88976e-05 0
-6.3 0.00010184 0
-6.2 9.64361e-05 0
-6.1 9.06634e-05 0
-6 8.86849e-05 0
-5.9 0.000100427 0
-5.8 9.12186e-05 0
-5.7 9.35113e-05 0
-5.6 9.83441e-05 0
-5.5 8.70675e-05 0
-5.4 8.86342e-05 0
-5.3 9.12344e-05 0
-5.2 8.91371e-05 0
-5.1 9.46701e-05 0
-5 8.9662e-05 0
-4.9 8.85648e-05 0
-4.8 8.63291e-05 0
-4.7 8.05259e-05 0
-4.6 8.00833e-05 0
-4.5 8.68369e-05 0
-4.4 8.67919e-05 0
-4.3 8.86133e-05 0
-4.2 8.27234e-05 0
-4.1 8.50435e-05 0
-4 8.70439e-05 0
-3.9 7.93249e-05 0
-3.8 9.06859e-05 0
-3.7 8.6552e-05 0
-3.6 8.30382e-05 0
-3.5 9.08311e-05 0
-3.4 8.14493e-05 0
-3.3 7.59108e-05 0
-3.2 8.34021e-05 0
-3.1 7.58017e-05 0
-3 8.0295e-05 0
-2.9 8.31652e-05 0
-2.8 7.7772e-05 0
-2.7 7.56802e-05 0
-2.6 7.90453e-05 0
-2.5 6.85545e-05 0
-2.4 8.26274e-05 0
-2.3 6.78216e-05 0
-2.2 7.46602e-05 0
-2.1 7.72686e-05 0
-2 6.9281e-05 0
-1.9 7.38809e-05 0
-1.8 6.63361e-05 0
-1.7 7.53558e-05 0
-1.6 6.49584e-05 0
-1.5 7.32627e-05 0
-1.4 6.74168e-05 0
-1.3 6.22265e-05 0
-1.2 7.13569e-05 0
-1.1 6.56886e-05 0
-1 7.22885e-05 0
-0.9 6.52459e-05 0
-0.8 6.95201e-05 0
-0.7 6.64527e-05 0
-0.6 6.94309e-05 0
-0.5 7.4891e-05 0
-0.4 6.91917e-05 0
-0.3 6.88086e-05 0
-0.2 6.01031e-05 0
-0.1 6.69085e-05 0
8.88178e-16 5.78477e-05 0
0.1 6.13279e-05 0
0.2 5.94512e-05 0
0.3 5.63954e-05 0
0.4 5.88871e-05 0
0.5 6.31654e-05 0
0.6 5.49665e-05 0
0.7 7.02595e-05 0
0.8 6.11655e-05 0
0.9 5.48743e-05 0
1 5.30035e-05 0
1.1 5.04926e-05 0
1.2 4.69733e-05 0
1.3 5.09274e-05 0
1.4 5.35915e-05 0
1.5 5.17143e-05 0
1.6 4.07191e-05 0
1.7 5.02374e-05 0
1.8 4.08391e-05 0
1.9 4.59567e-05 0
2 4.58289e-05 0
2.1 3.97423e-05 0
2.2 3.67836e-05 0
2.3 3.48504e-05 0
2.4 4.00415e-05 0
2.5 3.72175e-05 0
2.6 3.84751e-05 0
2.7 3.5981e-05 0
2.8 3.16864e-05 0
2.9 2.85265e-05 0
3 2.95955e-05 0
3.1 2.4315e-05 0
3.2 2.5871e-05 0
3.3 2.08876e-05 0
3.4 2.00912e-05 0
3.5 1.7334e-05 0
3.6 1.56865e-05 0
3.7 1.50714e-05 0
3.8 1.33333e-05 0
3.9 1.1191e-05 0
4 8.3869e-06 0
4.1 7.53216e-06 0
4.2 5.61271e-06 0
4.3 4.37707e-06 0
4.4 3.87114e-06 0
4.5 2.69728e-06 0
4.6 1.33155e-06 0
4.7 4.82782e-07 0
4.8 8.73299e-08 0
4.9 1.60817e-07 0
5 2.64734e-21 0
5.1 2.98064e-07 0
5.2 1.91224e-07 0
5.3 0 0
5.4 3.35268e-07 0
5.5 1.4718e-21 0
5.6 1.6571e-07 0
5.7 1.45584e-21 0
5.8 3.43935e-07 0
5.9 6.14099e-21 0
6 1.73813e-07 0
6.1 0 0
6.2 0 0
6.3 0 0
6.4 5.6801e-08 0
6.5 0 0
6.6 6.36629e-09 0
6.7 0 0
6.8 0 0
6.9 2.52508e-07 0
7 3.76831e-08 0
7.1 1.679e-07 0
7.2 0 0
7.3 0 0
7.4 0 0
7.5 0 0
7.6 0 0
7.7 2.1274e-07 0
7.8 0 0
7.9 2.70395e-08 0
8 0 0
8.1 0 0
8.2 0 0
8.3 0 0
8.4 0 0
8.5 3.65155e-08 0
8.6 0 0
8.7 5.45056e-08 0
8.8 8.03543e-09 0
8.9 0 0
9 2.05915e-21 0
9.1 1.1592e-07 0
9.2 8.98039e-08 0
9.3 3.52388e-08 0
9.4 0 0
9.5 0 0
9.6 0 0
9.7 1.27374e-07 0
9.8 0 0
9.9 0 0
10 1.08398e-07 0
10.1 0 0
10.2 1.38887e-07 0
