-10.2 1.61619e-07 0
-10.1 1.86293e-07 0
-10 1.67813e-07 0
-9.9 1.96326e-07 0
-9.8 1.79698e-07 0
-9.7 1.665e-07 0
-9.6 1.79681e-07 0
-9.5 1.72486e-07 0
-9.4 1.97612e-07 0
-9.3 1.76316e-07 0
-9.2 1.78824e-07 0
-9.1 1.77277e-07 0
-9 1.71732e-07 0
-8.9 1.76379e-07 0
-8.8 1.7044e-07 0
-8.7 1.86085e-07 0
-8.6 1.6134e-07 0
-8.5 1.56789e-07 0
-8.4 1.56728e-07 0
-8.3 1.72331e-07 0
-8.2 1.70784e-07 0
-8.1 1.54919e-07 0
-8 1.62896e-07 0
-7.9 1.8032e-07 0
-7.8 1.92101e-07 0
-7.7 1.72509e-07 0
-7.6 1.76619e-07 0
-7.5 1.62947e-07 0
-7.4 1.52427e-07 0
-7.3 1.57192e-07 0
-7.2 1.5019e-07 0
-7.1 1.43623e-07 0
-7 1.55386e-07 0
-6.9 1.4018e-07 0
-6.8 1.43128e-07 0
-6.7 1.6494e-07 0
-6.6 1.5655e-07 0
-6.5 1.39536e-07 0
-6.4 1.67519e-07 0
-6.3 1.8009e-07 0
-6.2 1.56869e-07 0
-6.1 1.40766e-07 0
-6 1.40635e-07 0
-5.9 1.58634e-07 0
-5.8 1.51717e-07 0
-5.7 1.48029e-07 0
-5.6 1.56167e-07 0
-5.5 1.36356e-07 0
-5.4 1.36712e-07 0
-5.3 1.4922e-07 0
-5.2 1.42374e-07 0
-5.1 1.50912e-07 0
-5 1.44806e-07 0
-4.9 1.3733e-07 0
-4.8 1.35312e-07 0
-4.7 1.22736e-07 0
-4.6 1.22231e-07 0
-4.5 1.35735e-07 0
-4.4 1.39699e-07 0
-4.3 1.36583e-07 0
-4.2 1.34758e-07 0
-4.1 1.36619e-07 0
-4 1.35438e-07 0
-3.9 1.21945e-07 0
-3.8 1.47514e-07 0
-3.7 1.34352e-07 0
-3.6 1.25491e-07 0
-3.5 1.40966e-07 0
-3.4 1.22987e-07 0
-3.3 1.12045e-07 0
-3.2 1.31353e-07 0
-3.1 1.17653e-07 0
-3 1.23891e-07 0
-2.9 1.3502e-07 0
-2.8 1.29585e-07 0
-2.7 1.16282e-07 0
-2.6 1.19464e-07 0
-2.5 1.05077e-07 0
-2.4 1.2752e-07 0
-2.3 1.01758e-07 0
-2.2 1.09822e-07 0
-2.1 1.16737e-07 0
-2 1.04067e-07 0
-1.9 1.12212e-07 0
-1.8 1.01499e-07 0
-1.7 1.14707e-07 0
-1.6 9.1243e-08 0
-1.5 1.1095e-07 0
-1.4 1.00803e-07 0
-1.3 9.31173e-08 0
-1.2 1.02545e-07 0
-1.1 9.48816e-08 0
-1 1.15883e-07 0
-0.9 9.91082e-08 0
-0.8 1.05504e-07 0
-0.7 9.52697e-08 0
-0.6 1.09166e-07 0
-0.5 1.18132e-07 0
-0.4 1.08143e-07 0
-0.3 9.76625e-08 0
-0.2 8.56107e-08 0
-0.1 9.72372e-08 0
8.88178e-16 8.06164e-08 0
0.1 8.69685e-08 0
0.2 8.21673e-08 0
0.3 7.53416e-08 0
0.4 8.34933e-08 0
0.5 9.19497e-08 0
0.6 7.91857e-08 0
0.7 9.64535e-08 0
0.8 9.11394e-08 0
0.9 7.93756e-08 0
1 7.21564e-08 0
1.1 6.5476e-08 0
1.2 6.16002e-08 0
1.3 7.08038e-08 0
1.4 7.24982e-08 0
1.5 7.00781e-08 0
1.6 5.54363e-08 0
1.7 6.74999e-08 0
1.8 5.43035e-08 0
1.9 6.5518e-08 0
2 5.87274e-08 0
2.1 4.91211e-08 0
2.2 4.7635e-08 0
2.3 4.43243e-08 0
2.4 4.93448e-08 0
2.5 4.87043e-08 0
2.6 4.84903e-08 0
2.7 4.38311e-08 0
2.8 4.03584e-08 0
2.9 3.32726e-08 0
3 3.62083e-08 0
3.1 2.75954e-08 0
3.2 3.12539e-08 0
3.3 2.27081e-08 0
3.4 2.29616e-08 0
3.5 1.84884e-08 0
3.6 1.69649e-08 0
3.7 1.65792e-08 0
3.8 1.34773e-08 0
3.9 1.11004e-08 0
4 8.74398e-09 0
4.1 7.49205e-09 0
4.2 6.20638e-09 0
4.3 3.91123e-09 0
4.4 3.86723e-09 0
4.5 2.30148e-09 0
4.6 1.23474e-09 0
4.7 5.07078e-10 0
4.8 5.85636e-11 0
4.9 1.1368e-10 0
5 2.4658e-24 0
5.1 2.77624e-10 0
5.2 2.40773e-10 0
5.3 0 0
5.4 6.31035e-10 0
5.5 1.4806e-24 0
5.6 1.66701e-10 0
5.7 1.47342e-24 0
5.8 3.73017e-10 0
5.9 6.61744e-24 0
6 1.87021e-10 0
6.1 0 0
6.2 0 0
6.3 0 0
6.4 3.00493e-11 0
6.5 0 0
6.6 2.57279e-12 0
6.7 0 0
6.8 0 0
6.9 2.69942e-10 0
7 1.72983e-11 0
7.1 1.82576e-10 0
7.2 0 0
7.3 0 0
7.4 0 0
7.5 0 0
7.6 0 0
7.7 1.63173e-10 0
7.8 0 0
7.9 1.02683e-11 0
8 0 0
8.1 0 0
8.2 0 0
8.3 0 0
8.4 0 0
8.5 1.64813e-11 0
8.6 0 0
8.7 2.79229e-11 0
8.8 3.77672e-12 0
8.9 0 0
9 1.84922e-24 0
9.1 1.04102e-10 0
9.2 6.28838e-11 0
9.3 1.47837e-11 0
9.4 0 0
9.5 0 0
9.6 0 0
9.7 7.51675e-11 0
9.8 0 0
9.9 0 0
10 8.05412e-11 0
10.1 0 0
10.2 1.28025e-10 0
