-8.2 0.0440633 0
-8.1 0.0444782 0
-8 0.0448058 0
-7.9 0.0450844 0
-7.8 0.0453682 0
-7.7 0.0456401 0
-7.6 0.0458987 0
-7.5 0.0461394 0
-7.4 0.0463805 0
-7.3 0.0466492 0
-7.2 0.0469297 0
-7.1 0.0471827 0
-7 0.0475446 0
-6.9 0.0478532 0
-6.8 0.0482275 0
-6.7 0.0486127 0
-6.6 0.0490851 0
-6.5 0.0496363 0
-6.4 0.050148 0
-6.3 0.0503235 0
-6.2 0.0502769 0
-6.1 0.0503061 0
-6 0.0503931 0
-5.9 0.0503939 0
-5.8 0.0503322 0
-5.7 0.0504401 0
-5.6 0.0504124 0
-5.5 0.0503875 0
-5.4 0.0504978 0
-5.3 0.0505361 0
-5.2 0.0505225 0
-5.1 0.0505213 0
-5 0.0506516 0
-4.9 0.0507034 0
-4.8 0.0506725 0
-4.7 0.0506319 0
-4.6 0.050753 0
-4.5 0.0508113 0
-4.4 0.0507576 0
-4.3 0.0507484 0
-4.2 0.050801 0
-4.1 0.0508365 0
-4 0.0508149 0
-3.9 0.0507916 0
-3.8 0.0508205 0
-3.7 0.0508844 0
-3.6 0.0508995 0
-3.5 0.050844 0
-3.4 0.0508411 0
-3.3 0.0509171 0
-3.2 0.0510208 0
-3.1 0.0509824 0
-3 0.0509685 0
-2.9 0.0509677 0
-2.8 0.0511231 0
-2.7 0.0511861 0
-2.6 0.0511566 0
-2.5 0.0511054 0
-2.4 0.0511909 0
-2.3 0.0513317 0
-2.2 0.0513979 0
-2.1 0.0513478 0
-2 0.0513043 0
-1.9 0.0513401 0
-1.8 0.051515 0
-1.7 0.051598 0
-1.6 0.0515857 0
-1.5 0.051478 0
-1.4 0.0515047 0
-1.3 0.0516581 0
-1.2 0.0517479 0
-1.1 0.0517693 0
-1 0.0517227 0
-0.9 0.0517106 0
-0.8 0.0517762 0
-0.7 0.0519133 0
-0.6 0.0520113 0
-0.5 0.0519117 0
-0.4 0.051861 0
-0.3 0.051944 0
-0.2 0.0521222 0
-0.1 0.0522341 0
8.88178e-16 0.0521944 0
0.1 0.052136 0
0.2 0.0521076 0
0.3 0.0521573 0
0.4 0.0523183 0
0.5 0.0523629 0
0.6 0.0522868 0
0.7 0.05224 0
0.8 0.0523158 0
0.9 0.0524841 0
1 0.0526172 0
1.1 0.052676 0
1.2 0.052617 0
1.3 0.052523 0
1.4 0.0525736 0
1.5 0.0527247 0
1.6 0.0529099 0
1.7 0.0529365 0
1.8 0.0528516 0
1.9 0.0527851 0
2 0.052893 0
2.1 0.0530966 0
2.2 0.0532464 0
2.3 0.0532129 0
2.4 0.0530615 0
2.5 0.0530077 0
2.6 0.0530883 0
2.7 0.053295 0
2.8 0.0534964 0
2.9 0.0536063 0
3 0.0535094 0
3.1 0.0533804 0
3.2 0.0533915 0
3.3 0.0535976 0
3.4 0.0538529 0
3.5 0.0539143 0
3.6 0.0538028 0
3.7 0.0536778 0
3.8 0.0536316 0
3.9 0.0537794 0
4 0.054065 0
4.1 0.0543148 0
4.2 0.0543877 0
4.3 0.0543205 0
4.4 0.0542355 0
4.5 0.0542178 0
4.6 0.0544685 0
4.7 0.0547657 0
4.8 0.0549629 0
4.9 0.0549437 0
5 0.0548029 0
5.1 0.0547146 0
5.2 0.0547613 0
5.3 0.0551202 0
5.4 0.0554899 0
5.5 0.0557272 0
5.6 0.0556628 0
5.7 0.0554258 0
5.8 0.0553961 0
5.9 0.0555264 0
6 0.0559307 0
6.1 0.0563611 0
6.2 0.0565224 0
6.3 0.0560566 0
6.4 0.05556 0
6.5 0.0550321 0
6.6 0.0545689 0
6.7 0.054004 0
6.8 0.0527693 0
6.9 0.0503731 0
7 0.0465598 0
7.1 0.0413516 0
7.2 0.0355837 0
7.3 0.0299223 0
7.4 0.0249334 0
7.5 0.0209399 0
7.6 0.0177146 0
7.7 0.0150267 0
7.8 0.01242 0
7.9 0.00987974 0
8 0.00742832 0
8.1 0.00520617 0
8.2 0.00339266 0
8.3 0.00202315 0
8.4 0.00114069 0
8.5 0.000588647 0
8.6 0.000299496 0
8.7 0.000151243 0
8.8 8.19103e-05 0
8.9 5.67936e-05 0
9 4.41457e-05 0
9.1 4.20899e-05 0
9.2 4.08285e-05 0
9.3 3.94376e-05 0
9.4 3.8387e-05 0
9.5 3.80465e-05 0
9.6 3.51145e-05 0
9.7 3.53469e-05 0
9.8 3.69537e-05 0
9.9 3.50652e-05 0
10 3.50937e-05 0
10.1 3.51009e-05 0
10.2 3.69141e-05 0
10.3 3.34957e-05 0
10.4 3.15506e-05 0
10.5 3.28421e-05 0
10.6 3.39733e-05 0
10.7 3.12317e-05 0
10.8 3.09445e-05 0
10.9 3.10547e-05 0
11 3.04495e-05 0
11.1 2.70789e-05 0
11.2 2.83946e-05 0
11.3 2.83116e-05 0
11.4 3.12608e-05 0
11.5 2.94155e-05 0
11.6 3.061e-05 0
11.7 2.70187e-05 0
11.8 2.68459e-05 0
11.9 2.63997e-05 0
12 2.62411e-05 0
12.1 2.71921e-05 0
12.2 2.46758e-05 0
