-8.2 1.98085e-05 0
-8.1 2.86787e-05 0
-8 2.54577e-05 0
-7.9 2.62692e-05 0
-7.8 2.67736e-05 0
-7.7 2.49995e-05 0
-7.6 2.27643e-05 0
-7.5 2.26592e-05 0
-7.4 2.80818e-05 0
-7.3 2.68105e-05 0
-7.2 2.3912e-05 0
-7.1 2.05043e-05 0
-7 2.34156e-05 0
-6.9 2.32191e-05 0
-6.8 2.63099e-05 0
-6.7 2.33722e-05 0
-6.6 2.13398e-05 0
-6.5 2.38016e-05 0
-6.4 2.4671e-05 0
-6.3 2.09872e-05 0
-6.2 2.23133e-05 0
-6.1 2.22176e-05 0
-6 2.1085e-05 0
-5.9 2.11201e-05 0
-5.8 2.49222e-05 0
-5.7 1.96319e-05 0
-5.6 2.13968e-05 0
-5.5 2.01869e-05 0
-5.4 2.30546e-05 0
-5.3 2.01869e-05 0
-5.2 2.354e-05 0
-5.1 2.1779e-05 0
-5 2.24623e-05 0
-4.9 1.97399e-05 0
-4.8 2.0583e-05 0
-4.7 2.16718e-05 0
-4.6 1.9764e-05 0
-4.5 2.09173e-05 0
-4.4 2.02162e-05 0
-4.3 1.89601e-05 0
-4.2 1.75214e-05 0
-4.1 2.02695e-05 0
-4 1.58675e-05 0
-3.9 2.21406e-05 0
-3.8 1.98507e-05 0
-3.7 2.10525e-05 0
-3.6 1.96652e-05 0
-3.5 1.89956e-05 0
-3.4 1.60696e-05 0
-3.3 1.91206e-05 0
-3.2 1.92365e-05 0
-3.1 2.10551e-05 0
-3 1.90267e-05 0
-2.9 1.89244e-05 0
-2.8 1.79271e-05 0
-2.7 1.72037e-05 0
-2.6 1.65417e-05 0
-2.5 1.6275e-05 0
-2.4 1.5058e-05 0
-2.3 1.68371e-05 0
-2.2 1.60163e-05 0
-2.1 1.41263e-05 0
-2 1.50412e-05 0
-1.9 1.52249e-05 0
-1.8 1.28415e-05 0
-1.7 1.71172e-05 0
-1.6 1.44829e-05 0
-1.5 1.84009e-05 0
-1.4 1.31914e-05 0
-1.3 1.42898e-05 0
-1.2 1.37489e-05 0
-1.1 1.50156e-05 0
-1 1.44457e-05 0
-0.9 1.57092e-05 0
-0.8 1.21096e-05 0
-0.7 1.32799e-05 0
-0.6 1.38415e-05 0
-0.5 1.09052e-05 0
-0.4 1.14022e-05 0
-0.3 1.36881e-05 0
-0.2 1.20201e-05 0
-0.1 1.23708e-05 0
8.88178e-16 1.32062e-05 0
0.1 9.30912e-06 0
0.2 1.12006e-05 0
0.3 1.18102e-05 0
0.4 8.6435e-06 0
0.5 1.08383e-05 0
0.6 1.25308e-05 0
0.7 1.22463e-05 0
0.8 1.11585e-05 0
0.9 1.18187e-05 0
1 1.12132e-05 0
1.1 1.12952e-05 0
1.2 1.02494e-05 0
1.3 1.09028e-05 0
1.4 1.13904e-05 0
1.5 1.14936e-05 0
1.6 9.25318e-06 0
1.7 8.87912e-06 0
1.8 7.11052e-06 0
1.9 8.99854e-06 0
2 7.23831e-06 0
2.1 9.84986e-06 0
2.2 8.96305e-06 0
2.3 9.28304e-06 0
2.4 8.33601e-06 0
2.5 7.803e-06 0
2.6 7.95094e-06 0
2.7 9.06121e-06 0
2.8 8.50153e-06 0
2.9 7.31175e-06 0
3 7.22887e-06 0
3.1 5.33748e-06 0
3.2 8.76116e-06 0
3.3 7.70278e-06 0
3.4 7.21354e-06 0
3.5 7.12471e-06 0
3.6 7.23919e-06 0
3.7 6.10301e-06 0
3.8 4.63303e-06 0
3.9 5.11774e-06 0
4 3.39958e-06 0
4.1 4.32144e-06 0
4.2 3.93928e-06 0
4.3 3.46087e-06 0
4.4 3.05158e-06 0
4.5 4.05865e-06 0
4.6 4.00553e-06 0
4.7 2.90379e-06 0
4.8 3.73287e-06 0
4.9 2.89026e-06 0
5 2.81669e-06 0
5.1 2.91722e-06 0
5.2 2.5276e-06 0
5.3 1.28331e-06 0
5.4 2.40628e-06 0
5.5 1.995e-06 0
5.6 2.17564e-06 0
5.7 1.02471e-06 0
5.8 1.43974e-06 0
5.9 8.01985e-07 0
6 6.25118e-07 0
6.1 4.73587e-07 0
6.2 6.11743e-07 0
6.3 8.40645e-07 0
6.4 1.18834e-06 0
6.5 2.58002e-07 0
6.6 5.09857e-07 0
6.7 9.32436e-07 0
6.8 6.83022e-07 0
6.9 3.8619e-07 0
7 9.89027e-07 0
7.1 1.09471e-06 0
7.2 2.9532e-07 0
7.3 6.49453e-08 0
7.4 3.9684e-07 0
7.5 1.15453e-07 0
7.6 7.14903e-08 0
7.7 1.72559e-07 0
7.8 6.18931e-08 0
7.9 6.81043e-07 0
8 3.89589e-07 0
8.1 5.75433e-07 0
8.2 7.02808e-07 0
8.3 6.11417e-07 0
8.4 1.79821e-07 0
8.5 4.74155e-07 0
8.6 3.79056e-07 0
8.7 6.24559e-07 0
8.8 2.74662e-07 0
8.9 3.79851e-07 0
9 0 0
9.1 5.12855e-08 0
9.2 5.27921e-07 0
9.3 3.66022e-07 0
9.4 2.23674e-07 0
9.5 4.99969e-07 0
9.6 3.55023e-07 0
9.7 6.35445e-07 0
9.8 3.84999e-07 0
9.9 5.39553e-07 0
10 4.24849e-07 0
10.1 5.34113e-07 0
10.2 2.85358e-07 0
10.3 1.4908e-07 0
10.4 1.5431e-07 0
10.5 3.46677e-07 0
10.6 1.3082e-07 0
10.7 3.85803e-07 0
10.8 3.43779e-07 0
10.9 6.59125e-08 0
11 1.79619e-07 0
11.1 3.43864e-07 0
11.2 2.8232e-08 0
11.3 1.35514e-07 0
11.4 2.29418e-07 0
11.5 6.19656e-07 0
11.6 1.48681e-07 0
11.7 1.01421e-06 0
11.8 4.25856e-07 0
11.9 5.50702e-07 0
12 1.80184e-07 0
12.1 2.08816e-07 0
12.2 1.16826e-07 0
