0.102705 0 0
0.108336 0 0
0.114275 1.22601e-24 0
0.12054 2.76746e-10 0
0.127149 0 0
0.13412 9.93459e-25 0
0.141474 1.31598e-10 0
0.14923 0 0
0.157412 1.27921e-10 0
0.166042 1.31119e-10 0
0.175145 1.30394e-10 0
0.184748 0 0
0.194877 1.32517e-10 0
0.205561 1.31793e-10 0
0.216831 0 0
0.228719 0 0
0.241259 2.60141e-10 0
0.254486 0 0
0.268439 5.12888e-25 0
0.283156 1.35979e-10 0
0.29868 2.64797e-10 0
0.315056 5.38273e-10 0
0.332329 0 0
0.350549 1.23966e-24 0
0.369768 4.29199e-10 0
0.390041 4.34504e-10 0
0.411426 1.43965e-10 0
0.433983 4.45482e-10 0
0.457776 5.96279e-10 0
0.482874 4.86411e-10 0
0.509348 3.17463e-10 0
0.537274 3.31908e-10 0
0.56673 6.49593e-10 0
0.597802 6.51259e-10 0
0.630577 3.19917e-10 0
0.665149 4.80373e-10 0
0.701616 3.13091e-10 0
0.740083 4.90768e-10 0
0.780659 4.54462e-10 0
0.823459 7.35866e-10 0
0.868606 7.24567e-10 0
0.916228 4.24649e-10 0
0.966461 4.1259e-10 0
1.01945 6.7128e-10 0
1.07534 3.92641e-10 0
1.1343 3.82816e-10 0
1.19649 7.47839e-10 0
1.26208 3.65549e-10 0
1.33128 4.73413e-10 0
1.40427 3.91486e-10 0
1.48126 5.56994e-10 0
1.56247 6.57881e-10 0
1.64813 2.1467e-10 0
1.73849 4.17293e-10 0
1.83381 6.12349e-10 0
1.93435 3.99439e-10 0
2.0404 2.9417e-10 0
2.15227 2.90918e-10 0
2.27027 3.80915e-10 0
2.39474 9.30754e-11 0
2.52603 2.78239e-10 0
2.66452 3.56972e-10 0
2.81061 9.15455e-11 0
2.9647 5.43999e-10 0
3.12725 9.11121e-11 0
3.2987 3.61989e-10 0
3.47956 9.13253e-11 0
3.67033 3.62346e-10 0
3.87155 9.11981e-11 0
4.08382 1.80655e-10 0
4.30772 1.85276e-10 0
4.54389 1.12014e-10 0
4.79301 9.0936e-11 0
5.05579 1.8896e-10 0
5.33298 0 0
5.62537 0 0
5.93379 0 0
6.25911 0 0
6.60227 0 0
6.96425 0 0
7.34607 0 0
7.74883 0 0
8.17366 0 0
8.62179 0 0
9.09449 0 0
9.5931 0 0
10.1191 0 0
10.6738 0 0
11.259 0 0
11.8763 0 0
12.5275 0 0
13.2143 0 0
13.9388 0 0
14.703 0 0
15.5091 0 0
16.3594 0 0
17.2563 0 0
18.2024 0 0
19.2004 0 0
20.253 0 0
21.3634 0 0
22.5347 0 0
23.7702 0 0
25.0734 0 0
26.4481 0 0
27.8981 0 0
29.4277 0 0
31.0411 0 0
32.7429 0 0
34.5381 0 0
36.4317 0 0
38.4291 0 0
40.536 0 0
42.7584 0 0
45.1027 0 0
47.5755 0 0
50.1839 0 0
52.9353 0 0
55.8375 0 0
58.8988 0 0
62.128 0 0
65.5342 0 0
69.1272 0 0
72.9172 0 0
76.9149 0 0
81.1319 0 0
85.58 0 0
90.272 0 0
95.2212 0 0
100.442 0 0
105.949 0 0
111.757 0 0
117.885 0 0
124.348 0 0
131.165 0 0
138.356 0 0
145.942 0 0
153.943 0 0
162.384 0 0
171.286 0 0
180.677 0 0
190.583 0 0
201.032 0 0
212.054 0 0
223.68 0 0
235.943 0 0
248.879 0 0
262.524 0 0
276.917 0 0
292.1 0 0
