-4.32 0 0
-4.22 5.78876e-05 0
-4.12 5.05197e-05 0
-4.02 5.60639e-05 0
-3.92 5.87934e-05 0
-3.82 5.89857e-05 0
-3.72 5.51233e-05 0
-3.62 5.52746e-05 0
-3.52 5.37869e-05 0
-3.42 5.42424e-05 0
-3.32 5.03618e-05 0
-3.22 4.77565e-05 0
-3.12 6.23661e-05 0
-3.02 5.87609e-05 0
-2.92 5.10614e-05 0
-2.82 5.29808e-05 0
-2.72 5.17432e-05 0
-2.62 5.26826e-05 0
-2.52 5.27945e-05 0
-2.42 4.98334e-05 0
-2.32 5.63918e-05 0
-2.22 4.16729e-05 0
-2.12 5.26996e-05 0
-2.02 4.7709e-05 0
-1.92 5.11469e-05 0
-1.82 4.51609e-05 0
-1.72 4.69282e-05 0
-1.62 4.50361e-05 0
-1.52 4.62523e-05 0
-1.42 4.59503e-05 0
-1.32 4.16201e-05 0
-1.22 5.07959e-05 0
-1.12 4.601e-05 0
-1.02 4.14223e-05 0
-0.92 4.50643e-05 0
-0.82 4.09681e-05 0
-0.72 3.90354e-05 0
-0.62 4.22905e-05 0
-0.52 3.62535e-05 0
-0.42 3.85824e-05 0
-0.32 3.79231e-05 0
-0.22 3.67539e-05 0
-0.12 3.8681e-05 0
-0.02 3.73732e-05 0
0.08 3.38492e-05 0
0.18 3.85267e-05 0
0.28 2.73626e-05 0
0.38 2.81492e-05 0
0.48 2.71741e-05 0
0.58 2.8511e-05 0
0.68 2.52158e-05 0
0.78 1.81393e-05 0
0.88 2.25092e-05 0
0.98 2.27254e-05 0
1.08 2.01662e-05 0
1.18 2.30683e-05 0
1.28 2.10581e-05 0
1.38 1.71838e-05 0
1.48 1.6032e-05 0
1.58 1.46609e-05 0
1.68 9.80962e-06 0
1.78 1.19372e-05 0
1.88 8.81238e-06 0
1.98 8.32281e-06 0
2.08 5.2008e-06 0
2.18 3.92361e-06 0
2.28 3.88869e-06 0
2.38 1.74532e-06 0
2.48 1.06952e-06 0
2.58 7.05603e-07 0
2.68 7.42747e-07 0
2.78 4.61714e-07 0
2.88 3.16678e-07 0
2.98 0 0
3.08 2.28792e-07 0
3.18 1.05087e-07 0
3.28 2.56871e-07 0
3.38 1.1661e-21 0
3.48 2.62582e-07 0
3.58 1.20927e-07 0
3.68 1.05879e-21 0
3.78 0 0
3.88 0 0
3.98 0 0
4.08 0 0
4.18 0 0
4.28 0 0
4.38 1.4177e-08 0
4.48 0 0
4.58 0 0
4.68 0 0
4.78 0 0
4.88 0 0
4.98 0 0
5.08 0 0
5.18 0 0
5.28 2.18191e-21 0
5.38 2.45661e-07 0
5.48 2.17052e-21 0
5.58 0 0
5.68 0 0
5.78 0 0
5.88 0 0
5.98 0 0
6.08 0 0
6.18 1.27044e-07 0
6.28 0 0
6.38 0 0
6.48 0 0
6.58 0 0
6.68 0 0
6.78 0 0
6.88 0 0
6.98 0 0
7.08 0 0
7.18 0 0
7.28 0 0
7.38 0 0
7.48 0 0
7.58 0 0
7.68 0 0
7.78 0 0
7.88 0 0
7.98 0 0
8.08 0 0
8.18 0 0
8.28 3.60326e-07 0
8.38 0 0
8.48 0 0
8.58 0 0
8.68 0 0
8.78 0 0
8.88 0 0
8.98 0 0
9.08 0 0
9.18 0 0
9.28 0 0
9.38 0 0
9.48 0 0
9.58 0 0
9.68 0 0
9.78 0 0
9.88 1.41278e-21 0
9.98 7.95326e-08 0
10.08 1.41613e-21 0
10.18 0 0
10.28 0 0
10.38 0 0
10.48 0 0
10.58 0 0
10.68 0 0
10.78 3.52121e-08 0
10.88 1.2126e-07 0
10.98 0 0
11.08 0 0
11.18 0 0
11.28 0 0
11.38 0 0
11.48 0 0
11.58 6.49365e-08 0
11.68 0 0
11.78 0 0
11.88 2.53156e-07 0
11.98 0 0
12.08 0 0
12.18 0 0
12.28 0 0
12.38 0 0
12.48 0 0
12.58 0 0
12.68 0 0
12.78 0 0
12.88 0 0
12.98 0 0
13.08 0 0
13.18 0 0
13.28 0 0
13.38 0 0
13.48 0 0
13.58 0 0
13.68 0 0
13.78 0 0
13.88 0 0
13.98 0 0
14.08 0 0
14.18 0 0
14.28 0 0
14.38 0 0
14.48 0 0
14.58 0 0
14.68 0 0
14.78 0 0
14.88 0 0
14.98 0 0
15.08 0 0
15.18 0 0
15.28 0 0
15.38 0 0
15.48 0 0
15.58 0 0
15.68 0 0
15.78 0 0
15.88 0 0
15.98 0 0
16.08 0 0
