-4.32 0 0
-4.22 9.75973 0
-4.12 9.85791 0
-4.02 9.96079 0
-3.92 10.0928 0
-3.82 10.1963 0
-3.72 10.3452 0
-3.62 10.4653 0
-3.52 10.6196 0
-3.42 10.8041 0
-3.32 11.019 0
-3.22 11.278 0
-3.12 11.5849 0
-3.02 12.0323 0
-2.92 12.7595 0
-2.82 14.1273 0
-2.72 16.6708 0
-2.62 19.3847 0
-2.52 19.7508 0
-2.42 18.5452 0
-2.32 18.3888 0
-2.22 18.6251 0
-2.12 18.485 0
-2.02 19.0479 0
-1.92 19.632 0
-1.82 19.2155 0
-1.72 19.2874 0
-1.62 20.1616 0
-1.52 20.2782 0
-1.42 19.9589 0
-1.32 20.3174 0
-1.22 20.8907 0
-1.12 20.7065 0
-1.02 20.4602 0
-0.92 21.2779 0
-0.82 21.993 0
-0.72 21.9463 0
-0.62 21.6523 0
-0.52 22.2979 0
-0.42 22.8933 0
-0.32 22.7822 0
-0.22 22.6717 0
-0.12 23.0838 0
-0.02 24.1296 0
0.08 24.5316 0
0.18 24.1947 0
0.28 24.3366 0
0.38 25.1447 0
0.48 26.0478 0
0.58 26.092 0
0.68 26.1236 0
0.78 26.7707 0
0.88 27.875 0
0.98 28.6516 0
1.08 28.6198 0
1.18 28.7025 0
1.28 29.7382 0
1.38 31.1587 0
1.48 32.0817 0
1.58 32.0184 0
1.68 32.2807 0
1.78 33.7943 0
1.88 35.8315 0
1.98 37.4698 0
2.08 38.211 0
2.18 39.7907 0
2.28 42.9234 0
2.38 46.4261 0
2.48 49.2446 0
2.58 52.5272 0
2.68 58.3172 0
2.78 66.8573 0
2.88 76.8428 0
2.98 86.0434 0
3.08 92.8062 0
3.18 96.0044 0
3.28 95.5335 0
3.38 94.4922 0
3.48 97.0285 0
3.58 103.059 0
3.68 111.577 0
3.78 120.361 0
3.88 127.594 0
3.98 135.753 0
4.08 141.443 0
4.18 143.515 0
4.28 149.069 0
4.38 175.864 0
4.48 380.921 0
4.58 3.41061e-12 0
4.68 0 0
4.78 0 0
4.88 0 0
4.98 0 0
5.08 0 0
5.18 0 0
5.28 0 0
5.38 0 0
5.48 0 0
5.58 0 0
5.68 0 0
5.78 0 0
5.88 0 0
5.98 0 0
6.08 0 0
6.18 0 0
6.28 0 0
6.38 0 0
6.48 0 0
6.58 0 0
6.68 0 0
6.78 0 0
6.88 0 0
6.98 0 0
7.08 0 0
7.18 0 0
7.28 0 0
7.38 0 0
7.48 0 0
7.58 0 0
7.68 0 0
7.78 0 0
7.88 0 0
7.98 0 0
8.08 0 0
8.18 0 0
8.28 0 0
8.38 0 0
8.48 0 0
8.58 0 0
8.68 0 0
8.78 0 0
8.88 0 0
8.98 0 0
9.08 0 0
9.18 0 0
9.28 0 0
9.38 0 0
9.48 0 0
9.58 0 0
9.68 0 0
9.78 0 0
9.88 0 0
9.98 0 0
10.08 0 0
10.18 0 0
10.28 0 0
10.38 0 0
10.48 0 0
10.58 0 0
10.68 0 0
10.78 0 0
10.88 0 0
10.98 0 0
11.08 0 0
11.18 0 0
11.28 0 0
11.38 0 0
11.48 0 0
11.58 0 0
11.68 0 0
11.78 0 0
11.88 0 0
11.98 0 0
12.08 0 0
12.18 0 0
12.28 0 0
12.38 0 0
12.48 0 0
12.58 0 0
12.68 0 0
12.78 0 0
12.88 0 0
12.98 0 0
13.08 0 0
13.18 0 0
13.28 0 0
13.38 0 0
13.48 0 0
13.58 0 0
13.68 0 0
13.78 0 0
13.88 0 0
13.98 0 0
14.08 0 0
14.18 0 0
14.28 0 0
14.38 0 0
14.48 0 0
14.58 0 0
14.68 0 0
14.78 0 0
14.88 0 0
14.98 0 0
15.08 0 0
15.18 0 0
15.28 0 0
15.38 0 0
15.48 0 0
15.58 0 0
15.68 0 0
15.78 0 0
15.88 0 0
15.98 0 0
16.08 0 0
