-4.32 0 0
-4.22 0.0585206 0
-4.12 0.0590147 0
-4.02 0.0596116 0
-3.92 0.0602462 0
-3.82 0.0608163 0
-3.72 0.0614324 0
-3.62 0.0619817 0
-3.52 0.0626737 0
-3.42 0.0633845 0
-3.32 0.0640964 0
-3.22 0.0649062 0
-3.12 0.0658284 0
-3.02 0.0668351 0
-2.92 0.0680683 0
-2.82 0.0696549 0
-2.72 0.0713925 0
-2.62 0.072524 0
-2.52 0.0720776 0
-2.42 0.0714273 0
-2.32 0.0713501 0
-2.22 0.0713389 0
-2.12 0.0713981 0
-2.02 0.0716556 0
-1.92 0.0717711 0
-1.82 0.0715338 0
-1.72 0.0717059 0
-1.62 0.0719859 0
-1.52 0.0718071 0
-1.42 0.0716169 0
-1.32 0.0717921 0
-1.22 0.0718921 0
-1.12 0.0716494 0
-1.02 0.0716675 0
-0.92 0.0720764 0
-0.82 0.0721409 0
-0.72 0.0719378 0
-0.62 0.0717456 0
-0.52 0.0720885 0
-0.42 0.072087 0
-0.32 0.071814 0
-0.22 0.0717337 0
-0.12 0.0720909 0
-0.02 0.0723382 0
0.08 0.0722347 0
0.18 0.0719247 0
0.28 0.0720252 0
0.38 0.0724337 0
0.48 0.072532 0
0.58 0.0723039 0
0.68 0.0722596 0
0.78 0.0725618 0
0.88 0.072829 0
0.98 0.072711 0
1.08 0.0723587 0
1.18 0.0723055 0
1.28 0.0728211 0
1.38 0.0730911 0
1.48 0.072841 0
1.58 0.0723392 0
1.68 0.0723115 0
1.78 0.0729208 0
1.88 0.0734179 0
1.98 0.0730583 0
2.08 0.0725733 0
2.18 0.0726493 0
2.28 0.0731601 0
2.38 0.0731405 0
2.48 0.0723413 0
2.58 0.0716103 0
2.68 0.0711481 0
2.78 0.0692868 0
2.88 0.0636649 0
2.98 0.0532788 0
3.08 0.0400754 0
3.18 0.027608 0
3.28 0.0182968 0
3.38 0.0123924 0
3.48 0.00858372 0
3.58 0.0058061 0
3.68 0.00359276 0
3.78 0.00195103 0
3.88 0.000901024 0
3.98 0.000369964 0
4.08 0.000149651 0
4.18 8.02262e-05 0
4.28 5.70058e-05 0
4.38 5.29778e-05 0
4.48 4.40283e-05 0
4.58 4.51486e-05 0
4.68 5.23472e-05 0
4.78 4.7559e-05 0
4.88 4.68993e-05 0
4.98 4.4934e-05 0
5.08 4.1457e-05 0
5.18 4.08365e-05 0
5.28 4.32987e-05 0
5.38 4.19063e-05 0
5.48 4.38541e-05 0
5.58 4.03123e-05 0
5.68 4.27547e-05 0
5.78 3.7856e-05 0
5.88 3.68583e-05 0
5.98 4.08214e-05 0
6.08 4.06683e-05 0
6.18 3.52868e-05 0
6.28 3.68812e-05 0
6.38 3.22383e-05 0
6.48 3.55912e-05 0
6.58 3.84054e-05 0
6.68 3.89843e-05 0
6.78 3.48695e-05 0
6.88 3.576e-05 0
6.98 3.50757e-05 0
7.08 3.01792e-05 0
7.18 3.13558e-05 0
7.28 2.85696e-05 0
7.38 2.87817e-05 0
7.48 2.88904e-05 0
7.58 2.81182e-05 0
7.68 3.11993e-05 0
7.78 3.08353e-05 0
7.88 2.89322e-05 0
7.98 2.95942e-05 0
8.08 2.49762e-05 0
8.18 2.67733e-05 0
8.28 2.80231e-05 0
8.38 2.40079e-05 0
8.48 2.71462e-05 0
8.58 2.29104e-05 0
8.68 2.54286e-05 0
8.78 2.29119e-05 0
8.88 2.51023e-05 0
8.98 2.29171e-05 0
9.08 2.28421e-05 0
9.18 2.50096e-05 0
9.28 2.1626e-05 0
9.38 2.34847e-05 0
9.48 1.88369e-05 0
9.58 1.84277e-05 0
9.68 2.04011e-05 0
9.78 2.31527e-05 0
9.88 2.15977e-05 0
9.98 1.95567e-05 0
10.08 2.00033e-05 0
10.18 2.05641e-05 0
10.28 2.19833e-05 0
10.38 2.09907e-05 0
10.48 1.89942e-05 0
10.58 1.85853e-05 0
10.68 1.75087e-05 0
10.78 1.74743e-05 0
10.88 1.46411e-05 0
10.98 1.49061e-05 0
11.08 2.12236e-05 0
11.18 1.90742e-05 0
11.28 1.77263e-05 0
11.38 1.76653e-05 0
11.48 1.67097e-05 0
11.58 1.9096e-05 0
11.68 1.52215e-05 0
11.78 1.61185e-05 0
11.88 1.4674e-05 0
11.98 1.42019e-05 0
12.08 1.32449e-05 0
12.18 1.3889e-05 0
12.28 1.58602e-05 0
12.38 1.6883e-05 0
12.48 1.67491e-05 0
12.58 1.56953e-05 0
12.68 1.51648e-05 0
12.78 1.2531e-05 0
12.88 1.15072e-05 0
12.98 1.58457e-05 0
13.08 1.32649e-05 0
13.18 1.35705e-05 0
13.28 1.58674e-05 0
13.38 1.44021e-05 0
13.48 1.26044e-05 0
13.58 1.15854e-05 0
13.68 1.36405e-05 0
13.78 1.29683e-05 0
13.88 1.41064e-05 0
13.98 1.33304e-05 0
14.08 1.33651e-05 0
14.18 1.23444e-05 0
14.28 1.03972e-05 0
14.38 7.21184e-06 0
14.48 9.50912e-06 0
14.58 1.33007e-05 0
14.68 9.84632e-06 0
14.78 1.0928e-05 0
14.88 1.47778e-05 0
14.98 8.83151e-06 0
15.08 8.77545e-06 0
15.18 1.09233e-05 0
15.28 1.01914e-05 0
15.38 1.1578e-05 0
15.48 1.17965e-05 0
15.58 1.08477e-05 0
15.68 1.0673e-05 0
15.78 1.21218e-05 0
15.88 1.03895e-05 0
15.98 9.63181e-06 0
16.08 7.26547e-06 0
