-4.32 0 0
-4.22 6.99883e-07 0
-4.12 6.25013e-07 0
-4.02 6.49142e-07 0
-3.92 6.6403e-07 0
-3.82 7.07358e-07 0
-3.72 6.79579e-07 0
-3.62 6.45157e-07 0
-3.52 6.79351e-07 0
-3.42 6.84744e-07 0
-3.32 7.05116e-07 0
-3.22 6.73395e-07 0
-3.12 7.15119e-07 0
-3.02 6.67606e-07 0
-2.92 6.89959e-07 0
-2.82 6.91979e-07 0
-2.72 6.87137e-07 0
-2.62 6.81104e-07 0
-2.52 6.8468e-07 0
-2.42 7.08584e-07 0
-2.32 6.76538e-07 0
-2.22 6.3935e-07 0
-2.12 6.46198e-07 0
-2.02 6.28907e-07 0
-1.92 6.09589e-07 0
-1.82 6.87594e-07 0
-1.72 6.90931e-07 0
-1.62 6.61533e-07 0
-1.52 6.58463e-07 0
-1.42 6.7148e-07 0
-1.32 6.71054e-07 0
-1.22 6.62513e-07 0
-1.12 6.44914e-07 0
-1.02 6.84782e-07 0
-0.92 6.50553e-07 0
-0.82 6.17471e-07 0
-0.72 6.81478e-07 0
-0.62 6.26701e-07 0
-0.52 6.65473e-07 0
-0.42 6.22858e-07 0
-0.32 6.29981e-07 0
-0.22 6.07178e-07 0
-0.12 6.32494e-07 0
-0.02 6.21613e-07 0
0.08 6.40885e-07 0
0.18 6.29678e-07 0
0.28 6.31972e-07 0
0.38 6.13868e-07 0
0.48 6.06324e-07 0
0.58 6.03265e-07 0
0.68 6.35094e-07 0
0.78 6.15412e-07 0
0.88 6.10337e-07 0
0.98 5.82001e-07 0
1.08 5.94224e-07 0
1.18 5.67878e-07 0
1.28 6.18825e-07 0
1.38 6.15296e-07 0
1.48 5.93531e-07 0
1.58 5.73631e-07 0
1.68 5.58316e-07 0
1.78 5.82562e-07 0
1.88 5.18399e-07 0
1.98 5.18901e-07 0
2.08 4.96063e-07 0
2.18 4.62103e-07 0
2.28 3.9373e-07 0
2.38 3.66474e-07 0
2.48 2.85068e-07 0
2.58 2.37767e-07 0
2.68 1.87922e-07 0
2.78 1.36459e-07 0
2.88 1.09449e-07 0
2.98 6.68219e-08 0
3.08 4.88848e-08 0
3.18 3.53502e-08 0
3.28 2.33308e-08 0
3.38 1.84601e-08 0
3.48 1.41914e-08 0
3.58 1.75677e-08 0
3.68 6.43572e-09 0
3.78 1.16834e-08 0
3.88 6.22991e-09 0
3.98 4.59745e-09 0
4.08 6.4483e-09 0
4.18 1.02956e-08 0
4.28 5.76441e-09 0
4.38 7.84623e-09 0
4.48 8.16847e-09 0
4.58 7.17084e-09 0
4.68 9.07161e-09 0
4.78 8.57133e-09 0
4.88 9.62956e-09 0
4.98 6.44597e-09 0
5.08 5.24341e-09 0
5.18 4.99281e-09 0
5.28 5.3744e-09 0
5.38 7.55334e-09 0
5.48 7.74091e-09 0
5.58 4.90109e-09 0
5.68 5.28524e-09 0
5.78 7.49115e-09 0
5.88 4.59578e-09 0
5.98 7.74494e-09 0
6.08 8.26187e-09 0
6.18 7.32522e-09 0
6.28 7.01287e-09 0
6.38 5.11969e-09 0
6.48 4.94612e-09 0
6.58 8.43907e-09 0
6.68 8.62499e-09 0
6.78 4.9924e-09 0
6.88 5.51582e-09 0
6.98 3.02954e-09 0
7.08 2.8939e-09 0
7.18 5.49974e-09 0
7.28 3.3304e-09 0
7.38 5.67212e-09 0
7.48 3.97474e-09 0
7.58 5.07336e-09 0
7.68 6.25976e-09 0
7.78 4.35344e-09 0
7.88 6.02625e-09 0
7.98 4.66369e-09 0
8.08 2.94457e-09 0
8.18 4.6966e-09 0
8.28 4.67554e-09 0
8.38 3.68594e-09 0
8.48 6.69762e-09 0
8.58 2.0611e-09 0
8.68 4.75774e-09 0
8.78 2.67904e-09 0
8.88 4.46525e-09 0
8.98 3.4664e-09 0
9.08 3.27068e-09 0
9.18 6.37801e-09 0
9.28 3.61271e-09 0
9.38 3.75588e-09 0
9.48 3.08152e-09 0
9.58 2.80709e-09 0
9.68 2.96899e-09 0
9.78 5.56724e-09 0
9.88 2.90664e-09 0
9.98 2.86265e-09 0
10.08 2.6575e-09 0
10.18 4.16183e-09 0
10.28 4.40883e-09 0
10.38 4.21215e-09 0
10.48 4.60886e-09 0
10.58 3.39021e-09 0
10.68 1.82908e-09 0
10.78 2.96999e-09 0
10.88 1.57005e-09 0
10.98 1.66404e-09 0
11.08 5.47544e-09 0
11.18 3.54983e-09 0
11.28 3.58713e-09 0
11.38 3.47082e-09 0
11.48 3.1805e-09 0
11.58 5.27921e-09 0
11.68 1.8103e-09 0
11.78 2.56781e-09 0
11.88 2.37979e-09 0
11.98 3.13244e-09 0
12.08 9.30874e-10 0
12.18 1.84735e-09 0
12.28 2.56638e-09 0
12.38 1.42315e-09 0
12.48 2.76355e-09 0
12.58 2.25664e-09 0
12.68 1.35915e-09 0
12.78 1.67446e-09 0
12.88 8.45056e-10 0
12.98 3.42967e-09 0
13.08 2.42853e-09 0
13.18 1.48507e-09 0
13.28 2.46232e-09 0
13.38 9.12004e-10 0
13.48 2.04814e-09 0
13.58 2.02977e-09 0
13.68 3.24563e-09 0
13.78 2.8897e-09 0
13.88 4.66314e-09 0
13.98 2.11555e-09 0
14.08 3.7973e-09 0
14.18 2.05681e-09 0
14.28 9.94002e-10 0
14.38 4.53857e-10 0
14.48 1.32065e-09 0
14.58 3.14801e-09 0
14.68 1.04352e-09 0
14.78 1.62599e-09 0
14.88 5.41631e-09 0
14.98 1.71558e-09 0
15.08 1.09974e-09 0
15.18 1.57738e-09 0
15.28 1.67144e-09 0
15.38 1.43093e-09 0
15.48 2.41677e-09 0
15.58 2.61428e-09 0
15.68 3.16361e-09 0
15.78 2.04708e-09 0
15.88 2.69551e-09 0
15.98 1.75062e-09 0
16.08 6.20385e-23 0
