0.102705 0 0
0.108336 2.21106e-08 0
0.114275 2.36733e-08 0
0.12054 2.12898e-08 0
0.127149 2.31416e-08 0
0.13412 2.19784e-08 0
0.141474 2.34669e-08 0
0.14923 2.28752e-08 0
0.157412 2.61484e-08 0
0.166042 2.44483e-08 0
0.175145 2.48893e-08 0
0.184748 2.67168e-08 0
0.194877 2.8362e-08 0
0.205561 2.66622e-08 0
0.216831 2.86596e-08 0
0.228719 3.12665e-08 0
0.241259 3.00596e-08 0
0.254486 3.32162e-08 0
0.268439 3.55881e-08 0
0.283156 3.60297e-08 0
0.29868 3.88401e-08 0
0.315056 4.17223e-08 0
0.332329 4.30095e-08 0
0.350549 4.9505e-08 0
0.369768 4.83668e-08 0
0.390041 5.06612e-08 0
0.411426 5.65869e-08 0
0.433983 5.73521e-08 0
0.457776 5.82008e-08 0
0.482874 6.22286e-08 0
0.509348 6.49638e-08 0
0.537274 7.10565e-08 0
0.56673 7.37065e-08 0
0.597802 7.75877e-08 0
0.630577 8.34346e-08 0
0.665149 8.57972e-08 0
0.701616 9.34046e-08 0
0.740083 9.68727e-08 0
0.780659 1.04593e-07 0
0.823459 1.06861e-07 0
0.868606 1.14146e-07 0
0.916228 1.18766e-07 0
0.966461 1.21271e-07 0
1.01945 1.27131e-07 0
1.07534 1.25312e-07 0
1.1343 1.27004e-07 0
1.19649 1.34144e-07 0
1.26208 1.33676e-07 0
1.33128 1.3057e-07 0
1.40427 1.24097e-07 0
1.48126 1.20384e-07 0
1.56247 1.1782e-07 0
1.64813 1.08769e-07 0
1.73849 1.04917e-07 0
1.83381 1.01349e-07 0
1.93435 9.14734e-08 0
2.0404 8.56632e-08 0
2.15227 8.03162e-08 0
2.27027 7.44623e-08 0
2.39474 6.37555e-08 0
2.52603 6.0337e-08 0
2.66452 5.32836e-08 0
2.81061 4.66966e-08 0
2.9647 4.20263e-08 0
3.12725 3.49472e-08 0
3.2987 3.27769e-08 0
3.47956 2.55599e-08 0
3.67033 2.08352e-08 0
3.87155 1.92158e-08 0
4.08382 1.46692e-08 0
4.30772 1.21097e-08 0
4.54389 1.0488e-08 0
4.79301 6.3864e-09 0
5.05579 6.37379e-09 0
5.33298 4.17068e-09 0
5.62537 3.58117e-09 0
5.93379 2.32601e-09 0
6.25911 1.26563e-09 0
6.60227 1.08621e-09 0
6.96425 4.75796e-10 0
7.34607 2.33295e-10 0
7.74883 1.48734e-10 0
8.17366 4.98621e-11 0
8.62179 0 0
9.09449 0 0
9.5931 0 0
10.1191 0 0
10.6738 0 0
11.259 0 0
11.8763 0 0
12.5275 0 0
13.2143 0 0
13.9388 0 0
14.703 0 0
15.5091 0 0
16.3594 0 0
17.2563 0 0
18.2024 0 0
19.2004 0 0
20.253 0 0
21.3634 0 0
22.5347 0 0
23.7702 0 0
25.0734 0 0
26.4481 0 0
27.8981 0 0
29.4277 0 0
31.0411 0 0
32.7429 0 0
34.5381 0 0
36.4317 0 0
38.4291 0 0
40.536 0 0
42.7584 0 0
45.1027 0 0
47.5755 0 0
50.1839 0 0
52.9353 0 0
55.8375 0 0
58.8988 0 0
62.128 0 0
65.5342 0 0
69.1272 0 0
72.9172 0 0
76.9149 0 0
81.1319 0 0
85.58 0 0
90.272 0 0
95.2212 0 0
100.442 0 0
105.949 0 0
111.757 0 0
117.885 0 0
124.348 0 0
131.165 0 0
138.356 0 0
145.942 0 0
153.943 0 0
162.384 0 0
171.286 0 0
180.677 0 0
190.583 0 0
201.032 0 0
212.054 0 0
223.68 0 0
235.943 0 0
248.879 0 0
262.524 0 0
276.917 0 0
292.1 0 0
