-10.2 8.96956e-05 0
-10.1 0.000104339 0
-10 0.000107375 0
-9.9 0.000122681 0
-9.8 0.000117593 0
-9.7 0.000120267 0
-9.6 0.000116346 0
-9.5 0.000109322 0
-9.4 0.000107879 0
-9.3 0.000110409 0
-9.2 0.000106846 0
-9.1 0.000107351 0
-9 0.000104037 0
-8.9 0.000106502 0
-8.8 0.000103373 0
-8.7 0.000102508 0
-8.6 0.000111349 0
-8.5 0.000111547 0
-8.4 0.000107397 0
-8.3 0.000105177 0
-8.2 0.000103976 0
-8.1 9.86029e-05 0
-8 0.000110666 0
-7.9 0.000102135 0
-7.8 0.000106895 0
-7.7 0.000109206 0
-7.6 9.80707e-05 0
-7.5 0.00010349 0
-7.4 9.76241e-05 0
-7.3 0.000103337 0
-7.2 0.000107506 0
-7.1 0.000101533 0
-7 9.71442e-05 0
-6.9 0.000105839 0
-6.8 0.000106297 0
-6.7 0.000101553 0
-6.6 0.000101912 0
-6.5 0.000101099 0
-6.4 0.000103619 0
-6.3 0.00010721 0
-6.2 0.000102347 0
-6.1 0.000111 0
-6 0.000119935 0
-5.9 0.000126024 0
-5.8 0.000121846 0
-5.7 0.000123471 0
-5.6 0.000119323 0
-5.5 0.000130987 0
-5.4 0.000124923 0
-5.3 0.000121665 0
-5.2 0.000126597 0
-5.1 0.00012254 0
-5 0.000123016 0
-4.9 0.000119516 0
-4.8 0.000126769 0
-4.7 0.000128796 0
-4.6 0.000125018 0
-4.5 0.000126002 0
-4.4 0.000132233 0
-4.3 0.000136022 0
-4.2 0.000136042 0
-4.1 0.000128142 0
-4 0.000132366 0
-3.9 0.000143805 0
-3.8 0.00013892 0
-3.7 0.000141326 0
-3.6 0.00014519 0
-3.5 0.000133314 0
-3.4 0.000132057 0
-3.3 0.000131426 0
-3.2 0.000133048 0
-3.1 0.000123372 0
-3 0.000122976 0
-2.9 0.000123343 0
-2.8 0.000106172 0
-2.7 0.000118893 0
-2.6 0.000120753 0
-2.5 0.000111455 0
-2.4 0.000111771 0
-2.3 0.000110109 0
-2.2 0.000103042 0
-2.1 0.000107224 0
-2 9.74128e-05 0
-1.9 9.28797e-05 0
-1.8 9.35198e-05 0
-1.7 8.91221e-05 0
-1.6 9.69543e-05 0
-1.5 8.65892e-05 0
-1.4 8.19512e-05 0
-1.3 8.98523e-05 0
-1.2 8.90962e-05 0
-1.1 8.65143e-05 0
-1 7.68819e-05 0
-0.9 7.29044e-05 0
-0.8 7.40647e-05 0
-0.7 7.31051e-05 0
-0.6 6.95257e-05 0
-0.5 6.06233e-05 0
-0.4 6.90107e-05 0
-0.3 6.08069e-05 0
-0.2 6.15523e-05 0
-0.1 6.39343e-05 0
8.88178e-16 5.93828e-05 0
0.1 5.05001e-05 0
0.2 4.65545e-05 0
0.3 4.67152e-05 0
0.4 4.27707e-05 0
0.5 3.68338e-05 0
0.6 3.72383e-05 0
0.7 3.69062e-05 0
0.8 2.95172e-05 0
0.9 2.92125e-05 0
1 3.23567e-05 0
1.1 2.64608e-05 0
1.2 2.12609e-05 0
1.3 1.59123e-05 0
1.4 9.99279e-06 0
1.5 9.36634e-06 0
1.6 8.16863e-06 0
1.7 5.82783e-06 0
1.8 4.27065e-06 0
1.9 2.93646e-06 0
2 3.18113e-06 0
2.1 1.46301e-06 0
2.2 1.43825e-06 0
2.3 1.68365e-06 0
2.4 2.9013e-06 0
2.5 2.3533e-06 0
2.6 1.42186e-06 0
2.7 2.8689e-06 0
2.8 1.96472e-06 0
2.9 1.79756e-06 0
3 6.29107e-07 0
3.1 5.64793e-07 0
3.2 1.3745e-06 0
3.3 2.16476e-06 0
3.4 1.85587e-06 0
3.5 1.88224e-06 0
3.6 2.277e-06 0
3.7 1.56538e-06 0
3.8 2.66581e-06 0
3.9 1.67923e-06 0
4 1.48245e-06 0
4.1 9.60308e-07 0
4.2 8.59555e-07 0
4.3 1.02424e-06 0
4.4 1.08236e-06 0
4.5 1.22537e-06 0
4.6 1.55203e-06 0
4.7 2.26399e-06 0
4.8 2.04811e-06 0
4.9 2.63042e-06 0
5 8.17262e-07 0
5.1 1.65156e-06 0
5.2 1.62307e-06 0
5.3 1.09029e-06 0
5.4 1.98683e-06 0
5.5 1.30675e-06 0
5.6 8.31097e-07 0
5.7 1.74766e-06 0
5.8 2.00019e-06 0
5.9 1.55179e-06 0
6 1.02607e-06 0
6.1 1.25385e-06 0
6.2 6.5539e-07 0
6.3 2.01791e-06 0
6.4 7.92727e-07 0
6.5 2.12511e-06 0
6.6 7.56283e-07 0
6.7 5.68249e-07 0
6.8 7.94447e-07 0
6.9 4.90742e-07 0
7 9.96931e-07 0
7.1 6.24048e-07 0
7.2 2.3293e-07 0
7.3 6.92431e-07 0
7.4 1.43871e-06 0
7.5 1.07226e-06 0
7.6 1.54516e-06 0
7.7 1.11178e-06 0
7.8 1.60693e-06 0
7.9 1.54251e-06 0
8 8.6378e-07 0
8.1 5.20719e-08 0
8.2 6.15454e-07 0
8.3 6.80902e-07 0
8.4 2.51407e-06 0
8.5 1.76616e-06 0
8.6 1.01867e-06 0
8.7 4.65089e-08 0
8.8 8.01964e-07 0
8.9 1.03321e-06 0
9 2.25996e-07 0
9.1 6.08667e-07 0
9.2 1.49988e-06 0
9.3 3.96756e-07 0
9.4 1.04992e-06 0
9.5 1.31965e-06 0
9.6 3.08789e-07 0
9.7 3.62456e-07 0
9.8 5.60445e-07 0
9.9 1.3522e-06 0
10 8.67898e-07 0
10.1 5.69806e-07 0
10.2 1.1528e-06 0
