0.102705 2.82611e-08 0
0.108336 7.45695e-08 0
0.114275 7.22621e-08 0
0.12054 7.3689e-08 0
0.127149 7.33487e-08 0
0.13412 7.54356e-08 0
0.141474 7.70307e-08 0
0.14923 7.88756e-08 0
0.157412 8.33179e-08 0
0.166042 8.04907e-08 0
0.175145 8.41603e-08 0
0.184748 9.02508e-08 0
0.194877 9.16251e-08 0
0.205561 9.68772e-08 0
0.216831 9.86875e-08 0
0.228719 1.05931e-07 0
0.241259 1.12221e-07 0
0.254486 1.21194e-07 0
0.268439 1.17571e-07 0
0.283156 1.31785e-07 0
0.29868 1.36775e-07 0
0.315056 1.48098e-07 0
0.332329 1.59565e-07 0
0.350549 1.71692e-07 0
0.369768 1.82271e-07 0
0.390041 1.92865e-07 0
0.411426 1.99129e-07 0
0.433983 2.19325e-07 0
0.457776 2.43437e-07 0
0.482874 2.48661e-07 0
0.509348 2.76042e-07 0
0.537274 2.9474e-07 0
0.56673 3.11133e-07 0
0.597802 3.31246e-07 0
0.630577 3.57059e-07 0
0.665149 3.8484e-07 0
0.701616 4.09578e-07 0
0.740083 4.41598e-07 0
0.780659 4.66854e-07 0
0.823459 5.1101e-07 0
0.868606 5.28826e-07 0
0.916228 5.69363e-07 0
0.966461 6.2645e-07 0
1.01945 6.35736e-07 0
1.07534 6.78935e-07 0
1.1343 7.0441e-07 0
1.19649 7.2457e-07 0
1.26208 7.86892e-07 0
1.33128 8.03015e-07 0
1.40427 8.40537e-07 0
1.48126 8.95593e-07 0
1.56247 9.20475e-07 0
1.64813 9.74911e-07 0
1.73849 1.01904e-06 0
1.83381 1.06149e-06 0
1.93435 1.0924e-06 0
2.0404 1.13288e-06 0
2.15227 1.15735e-06 0
2.27027 1.20466e-06 0
2.39474 1.2496e-06 0
2.52603 1.28935e-06 0
2.66452 1.30725e-06 0
2.81061 1.30905e-06 0
2.9647 1.33604e-06 0
3.12725 1.3646e-06 0
3.2987 1.40483e-06 0
3.47956 1.39598e-06 0
3.67033 1.42007e-06 0
3.87155 1.46805e-06 0
4.08382 1.45999e-06 0
4.30772 1.49437e-06 0
4.54389 1.51129e-06 0
4.79301 1.52815e-06 0
5.05579 1.53777e-06 0
5.33298 1.57772e-06 0
5.62537 1.57778e-06 0
5.93379 1.59273e-06 0
6.25911 1.62848e-06 0
6.60227 1.64757e-06 0
6.96425 1.67007e-06 0
7.34607 1.68554e-06 0
7.74883 1.71775e-06 0
8.17366 1.72374e-06 0
8.62179 1.76326e-06 0
9.09449 1.77138e-06 0
9.5931 1.79494e-06 0
10.1191 1.87331e-06 0
10.6738 1.88524e-06 0
11.259 1.85316e-06 0
11.8763 1.93268e-06 0
12.5275 1.97057e-06 0
13.2143 1.88763e-06 0
13.9388 2.04465e-06 0
14.703 2.18001e-06 0
15.5091 2.20846e-06 0
16.3594 2.23726e-06 0
17.2563 2.26453e-06 0
18.2024 2.26395e-06 0
19.2004 2.3021e-06 0
20.253 2.29473e-06 0
21.3634 2.31368e-06 0
22.5347 2.33506e-06 0
23.7702 2.33691e-06 0
25.0734 2.36722e-06 0
26.4481 2.36953e-06 0
27.8981 2.3639e-06 0
29.4277 2.3804e-06 0
31.0411 2.37124e-06 0
32.7429 2.3652e-06 0
34.5381 2.34556e-06 0
36.4317 2.34315e-06 0
38.4291 2.30257e-06 0
40.536 2.32101e-06 0
42.7584 2.29725e-06 0
45.1027 2.27246e-06 0
47.5755 2.27497e-06 0
50.1839 2.25412e-06 0
52.9353 2.22422e-06 0
55.8375 2.18001e-06 0
58.8988 2.1569e-06 0
62.128 2.12863e-06 0
65.5342 2.08807e-06 0
69.1272 2.03616e-06 0
72.9172 2.00504e-06 0
76.9149 1.97219e-06 0
81.1319 1.94929e-06 0
85.58 1.91353e-06 0
90.272 1.86487e-06 0
95.2212 1.80946e-06 0
100.442 1.78135e-06 0
105.949 1.70036e-06 0
111.757 1.61122e-06 0
117.885 1.53599e-06 0
124.348 1.40378e-06 0
131.165 1.24123e-06 0
138.356 1.0738e-06 0
145.942 0.00121181 0
153.943 1.49499e-05 0
162.384 0 0
171.286 0 0
180.677 0 0
190.583 0 0
201.032 0 0
212.054 0 0
223.68 0 0
235.943 0 0
248.879 0 0
262.524 0 0
276.917 0 0
292.1 0 0
