-2.2 0 0
-2.1 2.03572e-07 0
-2 2.43514e-07 0
-1.9 2.4142e-07 0
-1.8 2.63764e-07 0
-1.7 2.7629e-07 0
-1.6 2.55049e-07 0
-1.5 2.61776e-07 0
-1.4 2.36584e-07 0
-1.3 2.36853e-07 0
-1.2 2.24103e-07 0
-1.1 2.52868e-07 0
-1 2.69625e-07 0
-0.9 2.03653e-07 0
-0.8 2.24374e-07 0
-0.7 2.486e-07 0
-0.6 2.15829e-07 0
-0.5 2.47334e-07 0
-0.4 2.40063e-07 0
-0.3 2.08108e-07 0
-0.2 2.58331e-07 0
-0.1 2.68453e-07 0
2.22045e-16 2.6014e-07 0
0.1 2.25035e-07 0
0.2 2.24573e-07 0
0.3 2.39877e-07 0
0.4 2.4797e-07 0
0.5 1.73944e-07 0
0.6 2.33472e-07 0
0.7 2.27046e-07 0
0.8 2.31627e-07 0
0.9 2.28667e-07 0
1 1.75516e-07 0
1.1 2.07487e-07 0
1.2 1.95873e-07 0
1.3 2.08801e-07 0
1.4 1.88161e-07 0
1.5 2.26705e-07 0
1.6 2.2092e-07 0
1.7 2.05532e-07 0
1.8 2.28987e-07 0
1.9 2.15624e-07 0
2 2.08797e-07 0
2.1 2.12957e-07 0
2.2 2.11974e-07 0
2.3 1.87507e-07 0
2.4 1.75431e-07 0
2.5 2.17604e-07 0
2.6 2.07876e-07 0
2.7 1.92531e-07 0
2.8 1.99585e-07 0
2.9 1.79908e-07 0
3 1.98784e-07 0
3.1 2.18488e-07 0
3.2 1.78884e-07 0
3.3 1.54792e-07 0
3.4 1.73412e-07 0
3.5 1.55858e-07 0
3.6 1.66943e-07 0
3.7 1.80282e-07 0
3.8 2.13806e-07 0
3.9 1.61415e-07 0
4 1.74265e-07 0
4.1 1.70976e-07 0
4.2 1.64134e-07 0
4.3 1.60759e-07 0
4.4 1.6619e-07 0
4.5 1.79038e-07 0
4.6 1.90927e-07 0
4.7 1.81877e-07 0
4.8 1.53022e-07 0
4.9 1.86676e-07 0
5 1.86031e-07 0
5.1 1.81121e-07 0
5.2 1.4315e-07 0
5.3 1.34071e-07 0
5.4 1.38254e-07 0
5.5 1.55731e-07 0
5.6 1.52139e-07 0
5.7 1.44583e-07 0
5.8 1.41049e-07 0
5.9 1.35986e-07 0
6 1.4626e-07 0
6.1 1.61936e-07 0
6.2 1.49938e-07 0
6.3 1.46707e-07 0
6.4 1.21495e-07 0
6.5 1.41342e-07 0
6.6 1.33114e-07 0
6.7 1.27724e-07 0
6.8 1.30739e-07 0
6.9 1.44287e-07 0
7 1.05118e-07 0
7.1 1.32859e-07 0
7.2 1.37036e-07 0
7.3 1.48287e-07 0
7.4 1.40907e-07 0
7.5 1.17305e-07 0
7.6 1.35091e-07 0
7.7 1.39405e-07 0
7.8 1.40331e-07 0
7.9 1.35945e-07 0
8 1.18415e-07 0
8.1 1.10572e-07 0
8.2 1.11507e-07 0
8.3 1.01444e-07 0
8.4 1.1253e-07 0
8.5 1.08958e-07 0
8.6 1.22487e-07 0
8.7 1.22528e-07 0
8.8 1.30304e-07 0
8.9 1.06421e-07 0
9 1.24636e-07 0
9.1 9.43619e-08 0
9.2 8.20127e-08 0
9.3 9.07522e-08 0
9.4 1.23589e-07 0
9.5 1.13058e-07 0
9.6 9.25611e-08 0
9.7 1.2462e-07 0
9.8 9.0396e-08 0
9.9 9.17234e-08 0
10 8.27212e-08 0
10.1 8.2884e-08 0
10.2 8.07854e-08 0
10.3 7.91165e-08 0
10.4 7.97301e-08 0
10.5 6.52391e-08 0
10.6 8.40851e-08 0
10.7 7.53514e-08 0
10.8 9.19257e-08 0
10.9 7.22759e-08 0
11 7.95742e-08 0
11.1 8.08604e-08 0
11.2 7.85519e-08 0
11.3 8.70823e-08 0
11.4 6.75361e-08 0
11.5 6.4998e-08 0
11.6 5.64806e-08 0
11.7 6.23866e-08 0
11.8 4.62497e-08 0
11.9 4.86707e-08 0
12 7.24762e-08 0
12.1 3.75039e-08 0
12.2 4.04729e-08 0
12.3 3.72604e-08 0
12.4 3.82192e-08 0
12.5 3.66221e-08 0
12.6 3.24392e-08 0
12.7 3.20648e-08 0
12.8 2.12017e-08 0
12.9 1.88655e-08 0
13 1.98278e-08 0
13.1 1.5592e-08 0
13.2 1.36956e-08 0
13.3 1.45682e-08 0
13.4 1.56889e-08 0
13.5 1.61125e-08 0
13.6 9.1123e-09 0
13.7 1.17555e-08 0
13.8 1.04324e-08 0
13.9 8.27025e-09 0
14 1.08854e-08 0
14.1 8.01709e-09 0
14.2 3.52061e-09 0
14.3 6.52902e-09 0
14.4 5.07476e-09 0
14.5 2.49283e-09 0
14.6 4.34708e-09 0
14.7 7.03276e-09 0
14.8 4.89481e-09 0
14.9 1.82144e-09 0
15 2.50303e-09 0
15.1 1.08288e-08 0
15.2 3.56022e-09 0
15.3 1.13203e-09 0
15.4 1.0814e-09 0
15.5 4.15725e-09 0
15.6 2.37903e-09 0
15.7 2.62782e-09 0
15.8 6.01469e-09 0
15.9 6.36814e-09 0
16 1.79345e-09 0
16.1 2.09202e-09 0
16.2 1.11864e-09 0
16.3 1.10688e-10 0
16.4 6.0538e-09 0
16.5 5.64124e-09 0
16.6 1.64674e-09 0
16.7 2.96619e-09 0
16.8 5.2105e-10 0
16.9 3.73172e-10 0
17 4.75678e-09 0
17.1 4.48645e-09 0
17.2 6.81752e-09 0
17.3 8.14816e-09 0
17.4 2.94848e-09 0
17.5 3.28358e-09 0
17.6 1.54558e-09 0
17.7 6.88549e-10 0
17.8 2.87578e-11 0
17.9 3.57697e-09 0
18 1.38025e-09 0
18.1 1.9809e-09 0
18.2 8.33856e-09 0
