-2.2 0 0
-2.1 0.0544555 0
-2 0.0547864 0
-1.9 0.0551413 0
-1.8 0.0553673 0
-1.7 0.0555947 0
-1.6 0.0558575 0
-1.5 0.0559963 0
-1.4 0.0561839 0
-1.3 0.0562835 0
-1.2 0.0565119 0
-1.1 0.0566126 0
-1 0.0567769 0
-0.9 0.0569111 0
-0.8 0.0570457 0
-0.7 0.0571592 0
-0.6 0.0572966 0
-0.5 0.0574537 0
-0.4 0.0575897 0
-0.3 0.0576369 0
-0.2 0.057771 0
-0.1 0.0579213 0
2.22045e-16 0.0580165 0
0.1 0.0581622 0
0.2 0.0582842 0
0.3 0.0584952 0
0.4 0.0585825 0
0.5 0.058635 0
0.6 0.0587202 0
0.7 0.0588751 0
0.8 0.0590364 0
0.9 0.0591621 0
1 0.0590925 0
1.1 0.0592102 0
1.2 0.0593238 0
1.3 0.0594279 0
1.4 0.0594804 0
1.5 0.0597625 0
1.6 0.0598599 0
1.7 0.0599315 0
1.8 0.0599932 0
1.9 0.0600386 0
2 0.0601544 0
2.1 0.060235 0
2.2 0.0603488 0
2.3 0.0604451 0
2.4 0.0605127 0
2.5 0.0606439 0
2.6 0.0607504 0
2.7 0.0608289 0
2.8 0.0609436 0
2.9 0.0610007 0
3 0.061138 0
3.1 0.0612087 0
3.2 0.0613115 0
3.3 0.0613939 0
3.4 0.0614676 0
3.5 0.0615993 0
3.6 0.0617208 0
3.7 0.06188 0
3.8 0.0619595 0
3.9 0.0620796 0
4 0.0621552 0
4.1 0.0622485 0
4.2 0.0623633 0
4.3 0.0624493 0
4.4 0.0626506 0
4.5 0.0628021 0
4.6 0.0628752 0
4.7 0.0629882 0
4.8 0.0631601 0
4.9 0.0632905 0
5 0.0633617 0
5.1 0.0634999 0
5.2 0.0636189 0
5.3 0.0637562 0
5.4 0.0639538 0
5.5 0.0640078 0
5.6 0.0641783 0
5.7 0.0643492 0
5.8 0.0644559 0
5.9 0.0646049 0
6 0.0647232 0
6.1 0.0649116 0
6.2 0.065045 0
6.3 0.0652734 0
6.4 0.0654406 0
6.5 0.0655497 0
6.6 0.0656893 0
6.7 0.0659342 0
6.8 0.0660508 0
6.9 0.0663291 0
7 0.0664999 0
7.1 0.0666694 0
7.2 0.0668805 0
7.3 0.0670387 0
7.4 0.0671844 0
7.5 0.0674266 0
7.6 0.0676781 0
7.7 0.0678811 0
7.8 0.0681002 0
7.9 0.0683483 0
8 0.0685337 0
8.1 0.0687939 0
8.2 0.0690221 0
8.3 0.0693108 0
8.4 0.0695539 0
8.5 0.0698547 0
8.6 0.0701184 0
8.7 0.07036 0
8.8 0.0706659 0
8.9 0.0709873 0
9 0.071303 0
9.1 0.0715342 0
9.2 0.0718183 0
9.3 0.0722601 0
9.4 0.0725904 0
9.5 0.073 0
9.6 0.073289 0
9.7 0.0737305 0
9.8 0.0740875 0
9.9 0.07443 0
10 0.0748318 0
10.1 0.0753419 0
10.2 0.0756752 0
10.3 0.0761293 0
10.4 0.0765976 0
10.5 0.07711 0
10.6 0.0776204 0
10.7 0.078152 0
10.8 0.0787085 0
10.9 0.079272 0
11 0.0798661 0
11.1 0.0804562 0
11.2 0.0811203 0
11.3 0.0818569 0
11.4 0.0824963 0
11.5 0.0832814 0
11.6 0.0840479 0
11.7 0.0848557 0
11.8 0.0857269 0
11.9 0.0866261 0
12 0.0876113 0
12.1 0.0886063 0
12.2 0.0897909 0
12.3 0.090944 0
12.4 0.0922625 0
12.5 0.0935605 0
12.6 0.0949754 0
12.7 0.0965504 0
12.8 0.0982173 0
12.9 0.0999046 0
13 0.101824 0
13.1 0.103888 0
13.2 0.106229 0
13.3 0.108709 0
13.4 0.111563 0
13.5 0.114617 0
13.6 0.118051 0
13.7 0.121916 0
13.8 0.126359 0
13.9 0.131476 0
14 0.137417 0
14.1 0.144521 0
14.2 0.153124 0
14.3 0.163779 0
14.4 0.176909 0
14.5 0.191681 0
14.6 0.205654 0
14.7 0.213419 0
14.8 0.207772 0
14.9 0.184377 0
15 0.145525 0
15.1 0.0999855 0
15.2 0.0590723 0
15.3 0.029639 0
15.4 0.0125933 0
15.5 0.00452397 0
15.6 0.0014224 0
15.7 0.000452777 0
15.8 0.000194685 0
15.9 0.000129383 0
16 0.000123952 0
16.1 0.000117546 0
16.2 0.000117795 0
16.3 0.000112342 0
16.4 0.000111271 0
16.5 0.000116631 0
16.6 0.000103298 0
16.7 0.000110868 0
16.8 0.000102599 0
16.9 9.33798e-05 0
17 9.74065e-05 0
17.1 0.000102527 0
17.2 9.37326e-05 0
17.3 9.1976e-05 0
17.4 8.49597e-05 0
17.5 9.67039e-05 0
17.6 9.38027e-05 0
17.7 9.1907e-05 0
17.8 8.22261e-05 0
17.9 8.459e-05 0
18 8.28415e-05 0
18.1 8.53197e-05 0
18.2 8.43633e-05 0
