-2.2 0 0
-2.1 9.84887e-07 0
-2 9.8384e-07 0
-1.9 1.04049e-06 0
-1.8 1.04223e-06 0
-1.7 1.06741e-06 0
-1.6 1.06256e-06 0
-1.5 1.06372e-06 0
-1.4 1.08506e-06 0
-1.3 1.00977e-06 0
-1.2 1.04227e-06 0
-1.1 1.04924e-06 0
-1 1.05985e-06 0
-0.9 1.02672e-06 0
-0.8 1.01306e-06 0
-0.7 1.01599e-06 0
-0.6 9.75111e-07 0
-0.5 1.0181e-06 0
-0.4 1.03059e-06 0
-0.3 1.0158e-06 0
-0.2 9.85583e-07 0
-0.1 9.92623e-07 0
2.22045e-16 9.48306e-07 0
0.1 9.5486e-07 0
0.2 9.60707e-07 0
0.3 1.02686e-06 0
0.4 9.68665e-07 0
0.5 9.58577e-07 0
0.6 9.78529e-07 0
0.7 9.79562e-07 0
0.8 1.03827e-06 0
0.9 1.02684e-06 0
1 9.50659e-07 0
1.1 9.74369e-07 0
1.2 9.79006e-07 0
1.3 9.74352e-07 0
1.4 9.49264e-07 0
1.5 1.02074e-06 0
1.6 1.06787e-06 0
1.7 1.00656e-06 0
1.8 9.81281e-07 0
1.9 9.74236e-07 0
2 9.75718e-07 0
2.1 9.50486e-07 0
2.2 9.79218e-07 0
2.3 9.82534e-07 0
2.4 9.7004e-07 0
2.5 9.86199e-07 0
2.6 9.45088e-07 0
2.7 9.24572e-07 0
2.8 9.39699e-07 0
2.9 9.78823e-07 0
3 9.66312e-07 0
3.1 9.57377e-07 0
3.2 9.50066e-07 0
3.3 9.50428e-07 0
3.4 9.1453e-07 0
3.5 9.24013e-07 0
3.6 9.58151e-07 0
3.7 9.77576e-07 0
3.8 9.54039e-07 0
3.9 9.18492e-07 0
4 9.14704e-07 0
4.1 9.17507e-07 0
4.2 9.05344e-07 0
4.3 9.03254e-07 0
4.4 9.18865e-07 0
4.5 9.6454e-07 0
4.6 9.35724e-07 0
4.7 9.266e-07 0
4.8 9.04293e-07 0
4.9 9.40875e-07 0
5 9.33968e-07 0
5.1 9.23453e-07 0
5.2 8.90928e-07 0
5.3 9.11614e-07 0
5.4 9.62436e-07 0
5.5 8.68755e-07 0
5.6 9.03161e-07 0
5.7 9.18559e-07 0
5.8 8.77147e-07 0
5.9 8.80731e-07 0
6 8.26669e-07 0
6.1 8.81223e-07 0
6.2 8.35921e-07 0
6.3 9.00728e-07 0
6.4 9.32121e-07 0
6.5 8.45393e-07 0
6.6 8.00552e-07 0
6.7 8.71323e-07 0
6.8 8.32227e-07 0
6.9 8.90327e-07 0
7 8.57666e-07 0
7.1 8.69532e-07 0
7.2 8.66342e-07 0
7.3 8.20115e-07 0
7.4 8.23604e-07 0
7.5 8.09572e-07 0
7.6 8.33753e-07 0
7.7 8.11614e-07 0
7.8 8.62374e-07 0
7.9 8.9601e-07 0
8 8.37811e-07 0
8.1 8.833e-07 0
8.2 8.097e-07 0
8.3 8.51047e-07 0
8.4 8.31781e-07 0
8.5 8.54327e-07 0
8.6 8.25998e-07 0
8.7 7.98402e-07 0
8.8 8.21538e-07 0
8.9 8.11022e-07 0
9 8.60102e-07 0
9.1 8.09199e-07 0
9.2 7.62184e-07 0
9.3 8.38207e-07 0
9.4 8.18865e-07 0
9.5 8.78929e-07 0
9.6 8.10811e-07 0
9.7 8.57454e-07 0
9.8 8.4852e-07 0
9.9 8.28103e-07 0
10 8.11628e-07 0
10.1 8.55166e-07 0
10.2 8.30098e-07 0
10.3 8.16704e-07 0
10.4 7.86651e-07 0
10.5 8.20308e-07 0
10.6 8.11683e-07 0
10.7 8.25695e-07 0
10.8 8.51342e-07 0
10.9 8.42764e-07 0
11 8.36055e-07 0
11.1 8.1853e-07 0
11.2 8.13524e-07 0
11.3 8.59444e-07 0
11.4 8.12704e-07 0
11.5 8.59931e-07 0
11.6 8.78726e-07 0
11.7 8.51163e-07 0
11.8 8.29917e-07 0
11.9 8.75073e-07 0
12 8.71393e-07 0
12.1 8.39265e-07 0
12.2 8.92328e-07 0
12.3 8.75742e-07 0
12.4 9.4808e-07 0
12.5 9.25607e-07 0
12.6 9.19847e-07 0
12.7 9.55286e-07 0
12.8 9.87303e-07 0
12.9 9.99524e-07 0
13 1.03054e-06 0
13.1 1.05928e-06 0
13.2 1.16799e-06 0
13.3 1.16199e-06 0
13.4 1.22272e-06 0
13.5 1.27602e-06 0
13.6 1.29242e-06 0
13.7 1.33758e-06 0
13.8 1.41471e-06 0
13.9 1.43864e-06 0
14 1.4262e-06 0
14.1 1.39117e-06 0
14.2 1.26532e-06 0
14.3 1.09952e-06 0
14.4 9.61715e-07 0
14.5 7.46211e-07 0
14.6 5.73756e-07 0
14.7 4.13133e-07 0
14.8 2.77772e-07 0
14.9 1.69768e-07 0
15 1.09307e-07 0
15.1 5.8553e-08 0
15.2 3.63643e-08 0
15.3 2.62286e-08 0
15.4 2.40271e-08 0
15.5 2.24307e-08 0
15.6 1.87856e-08 0
15.7 2.1413e-08 0
15.8 2.56952e-08 0
15.9 1.53896e-08 0
16 1.96126e-08 0
16.1 2.16189e-08 0
16.2 2.35535e-08 0
16.3 1.89915e-08 0
16.4 1.72129e-08 0
16.5 2.23512e-08 0
16.6 1.11077e-08 0
16.7 1.95905e-08 0
16.8 1.53431e-08 0
16.9 1.18753e-08 0
17 1.60089e-08 0
17.1 1.67129e-08 0
17.2 1.22276e-08 0
17.3 1.60062e-08 0
17.4 9.89532e-09 0
17.5 1.44408e-08 0
17.6 1.82364e-08 0
17.7 2.05092e-08 0
17.8 1.2383e-08 0
17.9 1.27666e-08 0
18 1.02904e-08 0
18.1 1.55229e-08 0
18.2 1.97916e-08 0
