-2.2 0 0
-2.1 0.000134937 0
-2 0.000150621 0
-1.9 0.000164197 0
-1.8 0.000160977 0
-1.7 0.00015234 0
-1.6 0.000155114 0
-1.5 0.000161039 0
-1.4 0.00016482 0
-1.3 0.000162972 0
-1.2 0.000162963 0
-1.1 0.000158612 0
-1 0.00016632 0
-0.9 0.000158749 0
-0.8 0.000175003 0
-0.7 0.000163085 0
-0.6 0.000169763 0
-0.5 0.000172347 0
-0.4 0.000154237 0
-0.3 0.000165608 0
-0.2 0.000159301 0
-0.1 0.000163247 0
2.22045e-16 0.000162498 0
0.1 0.000142235 0
0.2 0.000153107 0
0.3 0.000161737 0
0.4 0.000159734 0
0.5 0.000161811 0
0.6 0.000159462 0
0.7 0.000158791 0
0.8 0.000160195 0
0.9 0.000164671 0
1 0.000152677 0
1.1 0.000146979 0
1.2 0.000149457 0
1.3 0.000160492 0
1.4 0.00014256 0
1.5 0.000165653 0
1.6 0.000158319 0
1.7 0.000154379 0
1.8 0.000150202 0
1.9 0.000151984 0
2 0.000145051 0
2.1 0.000152151 0
2.2 0.000151918 0
2.3 0.000148539 0
2.4 0.000151159 0
2.5 0.000148741 0
2.6 0.00015615 0
2.7 0.00015757 0
2.8 0.000146504 0
2.9 0.000147156 0
3 0.000152217 0
3.1 0.000143831 0
3.2 0.000148288 0
3.3 0.000138664 0
3.4 0.000144601 0
3.5 0.000154994 0
3.6 0.000140288 0
3.7 0.000146743 0
3.8 0.000142477 0
3.9 0.000140085 0
4 0.000140274 0
4.1 0.000140248 0
4.2 0.000145569 0
4.3 0.000129043 0
4.4 0.0001417 0
4.5 0.000148025 0
4.6 0.000145515 0
4.7 0.000130842 0
4.8 0.000153786 0
4.9 0.000141233 0
5 0.000131605 0
5.1 0.000143265 0
5.2 0.000143412 0
5.3 0.000124791 0
5.4 0.000143634 0
5.5 0.000134163 0
5.6 0.000132128 0
5.7 0.000135364 0
5.8 0.000131593 0
5.9 0.00013328 0
6 0.00012492 0
6.1 0.000133203 0
6.2 0.000126571 0
6.3 0.000123583 0
6.4 0.000124486 0
6.5 0.000133918 0
6.6 0.000128043 0
6.7 0.000125882 0
6.8 0.00011909 0
6.9 0.00012821 0
7 0.000127087 0
7.1 0.000124105 0
7.2 0.000121504 0
7.3 0.000125351 0
7.4 0.000112057 0
7.5 0.000119601 0
7.6 0.00012808 0
7.7 0.000115223 0
7.8 0.000119094 0
7.9 0.000119374 0
8 0.000114415 0
8.1 0.000119606 0
8.2 0.000117595 0
8.3 0.000116003 0
8.4 0.000119937 0
8.5 0.000125579 0
8.6 0.000117441 0
8.7 0.000110996 0
8.8 0.000101082 0
8.9 0.000104569 0
9 0.000110043 0
9.1 0.000107534 0
9.2 0.000101157 0
9.3 0.000111626 0
9.4 0.000112359 0
9.5 0.000105926 0
9.6 0.000108084 0
9.7 0.00010911 0
9.8 0.000104085 0
9.9 0.000106845 0
10 0.000103461 0
10.1 0.000104125 0
10.2 9.57856e-05 0
10.3 9.8517e-05 0
10.4 9.80941e-05 0
10.5 0.000101256 0
10.6 0.000104885 0
10.7 9.69331e-05 0
10.8 0.000111891 0
10.9 0.000109518 0
11 9.84917e-05 0
11.1 9.60366e-05 0
11.2 9.54544e-05 0
11.3 9.74273e-05 0
11.4 0.00010013 0
11.5 0.000100894 0
11.6 9.7704e-05 0
11.7 0.00010205 0
11.8 9.74599e-05 0
11.9 8.91308e-05 0
12 9.64821e-05 0
12.1 9.54223e-05 0
12.2 9.79278e-05 0
12.3 9.95568e-05 0
12.4 9.9924e-05 0
12.5 0.000106339 0
12.6 0.000106758 0
12.7 0.000109242 0
12.8 0.000121712 0
12.9 0.000151735 0
13 0.000189915 0
13.1 0.00024427 0
13.2 0.000324256 0
13.3 0.000393632 0
13.4 0.000459029 0
13.5 0.000459879 0
13.6 0.000446979 0
13.7 0.000401488 0
13.8 0.000348226 0
13.9 0.000277873 0
14 0.000215058 0
14.1 0.000143918 0
14.2 9.90468e-05 0
14.3 7.15024e-05 0
14.4 4.63787e-05 0
14.5 2.90108e-05 0
14.6 1.66045e-05 0
14.7 8.69104e-06 0
14.8 7.48647e-06 0
14.9 7.50814e-06 0
15 6.45246e-06 0
15.1 7.20083e-06 0
15.2 6.63641e-06 0
15.3 5.62507e-06 0
15.4 4.18707e-06 0
15.5 5.53526e-06 0
15.6 4.82126e-06 0
15.7 5.21756e-06 0
15.8 3.23285e-06 0
15.9 3.49941e-06 0
16 4.59301e-06 0
16.1 3.55509e-06 0
16.2 4.70394e-06 0
16.3 4.01787e-06 0
16.4 3.83081e-06 0
16.5 4.34742e-06 0
16.6 5.6542e-06 0
16.7 5.19198e-06 0
16.8 3.05465e-06 0
16.9 2.03912e-06 0
17 3.41929e-06 0
17.1 3.04381e-06 0
17.2 4.33576e-06 0
17.3 4.73034e-06 0
17.4 2.68402e-06 0
17.5 3.40226e-06 0
17.6 3.18528e-06 0
17.7 3.24355e-06 0
17.8 1.93504e-06 0
17.9 2.08565e-06 0
18 2.77374e-06 0
18.1 2.28529e-06 0
18.2 3.60566e-06 0
