-2.2 0 0
-2.1 5.24126 0
-2 5.27255 0
-1.9 5.30417 0
-1.8 5.33095 0
-1.7 5.35441 0
-1.6 5.38335 0
-1.5 5.40274 0
-1.4 5.4255 0
-1.3 5.44465 0
-1.2 5.46922 0
-1.1 5.48713 0
-1 5.50629 0
-0.9 5.52911 0
-0.8 5.54883 0
-0.7 5.56667 0
-0.6 5.58801 0
-0.5 5.60978 0
-0.4 5.62988 0
-0.3 5.64472 0
-0.2 5.66425 0
-0.1 5.68655 0
2.22045e-16 5.70693 0
0.1 5.73227 0
0.2 5.7511 0
0.3 5.77686 0
0.4 5.79747 0
0.5 5.81542 0
0.6 5.83041 0
0.7 5.85405 0
0.8 5.87434 0
0.9 5.8966 0
1 5.90793 0
1.1 5.92811 0
1.2 5.94917 0
1.3 5.96739 0
1.4 5.98646 0
1.5 6.01543 0
1.6 6.03484 0
1.7 6.05564 0
1.8 6.07442 0
1.9 6.09165 0
2 6.11269 0
2.1 6.13486 0
2.2 6.15349 0
2.3 6.17579 0
2.4 6.19385 0
2.5 6.21631 0
2.6 6.24164 0
2.7 6.26255 0
2.8 6.28404 0
2.9 6.30478 0
3 6.32677 0
3.1 6.34756 0
3.2 6.37125 0
3.3 6.39433 0
3.4 6.41687 0
3.5 6.43912 0
3.6 6.46509 0
3.7 6.49086 0
3.8 6.51346 0
3.9 6.54093 0
4 6.56392 0
4.1 6.58818 0
4.2 6.61152 0
4.3 6.63442 0
4.4 6.66509 0
4.5 6.6926 0
4.6 6.71559 0
4.7 6.74313 0
4.8 6.7742 0
4.9 6.80007 0
5 6.82514 0
5.1 6.85343 0
5.2 6.884 0
5.3 6.9142 0
5.4 6.94195 0
5.5 6.96954 0
5.6 7.00032 0
5.7 7.03306 0
5.8 7.06255 0
5.9 7.09431 0
6 7.12626 0
6.1 7.15845 0
6.2 7.19088 0
6.3 7.22687 0
6.4 7.2606 0
6.5 7.29491 0
6.6 7.32884 0
6.7 7.3654 0
6.8 7.39901 0
6.9 7.43858 0
7 7.4777 0
7.1 7.51349 0
7.2 7.55388 0
7.3 7.59392 0
7.4 7.63183 0
7.5 7.67271 0
7.6 7.71645 0
7.7 7.76157 0
7.8 7.80347 0
7.9 7.84612 0
8 7.89087 0
8.1 7.9359 0
8.2 7.98669 0
8.3 8.03479 0
8.4 8.08614 0
8.5 8.13634 0
8.6 8.18839 0
8.7 8.24128 0
8.8 8.29796 0
8.9 8.35505 0
9 8.40662 0
9.1 8.46592 0
9.2 8.52173 0
9.3 8.58595 0
9.4 8.6507 0
9.5 8.71614 0
9.6 8.78271 0
9.7 8.85509 0
9.8 8.92184 0
9.9 8.99168 0
10 9.06715 0
10.1 9.14546 0
10.2 9.22074 0
10.3 9.30139 0
10.4 9.38371 0
10.5 9.47206 0
10.6 9.56289 0
10.7 9.65649 0
10.8 9.75104 0
10.9 9.84711 0
11 9.95196 0
11.1 10.0571 0
11.2 10.1718 0
11.3 10.2899 0
11.4 10.4032 0
11.5 10.5314 0
11.6 10.6591 0
11.7 10.7922 0
11.8 10.9399 0
11.9 11.0862 0
12 11.247 0
12.1 11.4146 0
12.2 11.5982 0
12.3 11.7849 0
12.4 11.9895 0
12.5 12.2059 0
12.6 12.4306 0
12.7 12.6745 0
12.8 12.937 0
12.9 13.2088 0
13 13.5063 0
13.1 13.8305 0
13.2 14.1798 0
13.3 14.561 0
13.4 14.9902 0
13.5 15.4644 0
13.6 16.0018 0
13.7 16.6049 0
13.8 17.3008 0
13.9 18.1161 0
14 19.0731 0
14.1 20.2378 0
14.2 21.6854 0
14.3 23.5352 0
14.4 25.9672 0
14.5 29.1423 0
14.6 33.1835 0
14.7 38.0978 0
14.8 43.6978 0
14.9 49.7152 0
15 55.9456 0
15.1 62.1338 0
15.2 68.2035 0
15.3 73.9427 0
15.4 79.3362 0
15.5 83.8595 0
15.6 85.2131 0
15.7 79.1173 0
15.8 60.74 0
15.9 49.9078 0
16 46.5687 0
16.1 44.1824 0
16.2 45.0845 0
16.3 44.5199 0
16.4 45.106 0
16.5 44.3882 0
16.6 43.406 0
16.7 42.9167 0
16.8 44.8493 0
16.9 43.4771 0
17 43.3752 0
17.1 44.5403 0
17.2 44.0256 0
17.3 40.4731 0
17.4 40.4102 0
17.5 44.3081 0
17.6 42.1829 0
17.7 42.8046 0
17.8 42.9409 0
17.9 41.9519 0
18 42.5847 0
18.1 43.1484 0
18.2 39.3349 0
