-10.2 0.00084365 0
-10.1 0.000858113 0
-10 0.000865927 0
-9.9 0.000837681 0
-9.8 0.000903617 0
-9.7 0.000894842 0
-9.6 0.000884262 0
-9.5 0.000871096 0
-9.4 0.000861652 0
-9.3 0.000876998 0
-9.2 0.000911411 0
-9.1 0.000879539 0
-9 0.00087447 0
-8.9 0.000888164 0
-8.8 0.00086005 0
-8.7 0.000894326 0
-8.6 0.000876263 0
-8.5 0.000901122 0
-8.4 0.000873929 0
-8.3 0.000897055 0
-8.2 0.000907501 0
-8.1 0.000912653 0
-8 0.000885522 0
-7.9 0.000896974 0
-7.8 0.000890821 0
-7.7 0.000904157 0
-7.6 0.000883249 0
-7.5 0.000843956 0
-7.4 0.000866654 0
-7.3 0.00089888 0
-7.2 0.000883992 0
-7.1 0.000874268 0
-7 0.000896003 0
-6.9 0.000882283 0
-6.8 0.000864333 0
-6.7 0.000910226 0
-6.6 0.000860281 0
-6.5 0.000877197 0
-6.4 0.000918138 0
-6.3 0.00087261 0
-6.2 0.000851714 0
-6.1 0.000860627 0
-6 0.00087984 0
-5.9 0.000930808 0
-5.8 0.000883162 0
-5.7 0.000887291 0
-5.6 0.0009001 0
-5.5 0.000914542 0
-5.4 0.000918699 0
-5.3 0.000916397 0
-5.2 0.000913146 0
-5.1 0.000903426 0
-5 0.000887168 0
-4.9 0.000914906 0
-4.8 0.000855167 0
-4.7 0.000881892 0
-4.6 0.000842305 0
-4.5 0.000897814 0
-4.4 0.000878907 0
-4.3 0.000890264 0
-4.2 0.000868845 0
-4.1 0.00089652 0
-4 0.000884709 0
-3.9 0.000861856 0
-3.8 0.000867443 0
-3.7 0.000861188 0
-3.6 0.000892177 0
-3.5 0.000847752 0
-3.4 0.000839142 0
-3.3 0.000862954 0
-3.2 0.000838361 0
-3.1 0.000848371 0
-3 0.000845437 0
-2.9 0.000849554 0
-2.8 0.000827455 0
-2.7 0.000820982 0
-2.6 0.000827936 0
-2.5 0.000804199 0
-2.4 0.000838775 0
-2.3 0.000833195 0
-2.2 0.00084546 0
-2.1 0.000852042 0
-2 0.000854204 0
-1.9 0.000837794 0
-1.8 0.000847111 0
-1.7 0.000841056 0
-1.6 0.000801671 0
-1.5 0.000789826 0
-1.4 0.000803016 0
-1.3 0.000830997 0
-1.2 0.000836233 0
-1.1 0.000842048 0
-1 0.000821375 0
-0.9 0.00080036 0
-0.8 0.000795173 0
-0.7 0.000807444 0
-0.6 0.000822991 0
-0.5 0.000835189 0
-0.4 0.000803162 0
-0.3 0.000800578 0
-0.2 0.000760411 0
-0.1 0.00076619 0
8.88178e-16 0.000757203 0
0.1 0.000751702 0
0.2 0.00074907 0
0.3 0.000758141 0
0.4 0.000761593 0
0.5 0.000763565 0
0.6 0.000842649 0
0.7 0.000765007 0
0.8 0.000767039 0
0.9 0.000731378 0
1 0.000769177 0
1.1 0.000749196 0
1.2 0.000771417 0
1.3 0.000780313 0
1.4 0.000731169 0
1.5 0.000751556 0
1.6 0.00076401 0
1.7 0.000751472 0
1.8 0.000765673 0
1.9 0.000765248 0
2 0.000765987 0
2.1 0.000711281 0
2.2 0.000755868 0
2.3 0.000755401 0
2.4 0.000770071 0
2.5 0.000733176 0
2.6 0.000749236 0
2.7 0.000765528 0
2.8 0.000730747 0
2.9 0.00078996 0
3 0.000743752 0
3.1 0.000738843 0
3.2 0.000767123 0
3.3 0.00074357 0
3.4 0.000743446 0
3.5 0.000708341 0
3.6 0.000734102 0
3.7 0.000719512 0
3.8 0.000731228 0
3.9 0.000714837 0
4 0.000762411 0
4.1 0.000711105 0
4.2 0.000688035 0
4.3 0.000625525 0
4.4 0.000557517 0
4.5 0.000463629 0
4.6 0.000403804 0
4.7 0.000297175 0
4.8 0.000217274 0
4.9 0.000144484 0
5 8.44965e-05 0
5.1 4.3413e-05 0
5.2 2.90321e-05 0
5.3 2.04674e-05 0
5.4 1.63163e-05 0
5.5 1.90991e-05 0
5.6 1.86101e-05 0
5.7 1.88654e-05 0
5.8 1.8459e-05 0
5.9 1.24388e-05 0
6 1.49612e-05 0
6.1 1.47201e-05 0
6.2 1.16181e-05 0
6.3 1.43508e-05 0
6.4 1.04201e-05 0
6.5 1.45549e-05 0
6.6 1.09716e-05 0
6.7 1.36029e-05 0
6.8 9.8706e-06 0
6.9 1.6654e-05 0
7 1.13589e-05 0
7.1 1.40198e-05 0
7.2 1.67902e-05 0
7.3 1.19225e-05 0
7.4 1.12273e-05 0
7.5 1.21973e-05 0
7.6 1.2522e-05 0
7.7 9.57966e-06 0
7.8 9.12532e-06 0
7.9 9.30151e-06 0
8 1.48295e-05 0
8.1 1.05947e-05 0
8.2 1.17333e-05 0
8.3 1.1092e-05 0
8.4 1.37814e-05 0
8.5 1.02165e-05 0
8.6 1.32158e-05 0
8.7 1.04776e-05 0
8.8 9.51185e-06 0
8.9 1.029e-05 0
9 7.39503e-06 0
9.1 9.07516e-06 0
9.2 9.92081e-06 0
9.3 8.50619e-06 0
9.4 9.27195e-06 0
9.5 8.33768e-06 0
9.6 7.58839e-06 0
9.7 5.90505e-06 0
9.8 9.31631e-06 0
9.9 9.82821e-06 0
10 6.02145e-06 0
10.1 7.506e-06 0
10.2 8.44422e-06 0
