-10.2 1.62113e-07 0
-10.1 1.86e-07 0
-10 1.67932e-07 0
-9.9 1.9636e-07 0
-9.8 1.81078e-07 0
-9.7 1.67082e-07 0
-9.6 1.80186e-07 0
-9.5 1.72435e-07 0
-9.4 1.9692e-07 0
-9.3 1.7585e-07 0
-9.2 1.78302e-07 0
-9.1 1.7594e-07 0
-9 1.70147e-07 0
-8.9 1.76037e-07 0
-8.8 1.70306e-07 0
-8.7 1.84229e-07 0
-8.6 1.62216e-07 0
-8.5 1.56824e-07 0
-8.4 1.59973e-07 0
-8.3 1.73805e-07 0
-8.2 1.70147e-07 0
-8.1 1.54102e-07 0
-8 1.62869e-07 0
-7.9 1.79705e-07 0
-7.8 1.91199e-07 0
-7.7 1.73688e-07 0
-7.6 1.76106e-07 0
-7.5 1.63226e-07 0
-7.4 1.51855e-07 0
-7.3 1.57401e-07 0
-7.2 1.49577e-07 0
-7.1 1.41613e-07 0
-7 1.54557e-07 0
-6.9 1.39998e-07 0
-6.8 1.41061e-07 0
-6.7 1.63731e-07 0
-6.6 1.5751e-07 0
-6.5 1.40279e-07 0
-6.4 1.66316e-07 0
-6.3 1.78398e-07 0
-6.2 1.5626e-07 0
-6.1 1.40228e-07 0
-6 1.4204e-07 0
-5.9 1.57031e-07 0
-5.8 1.51485e-07 0
-5.7 1.47358e-07 0
-5.6 1.56248e-07 0
-5.5 1.36188e-07 0
-5.4 1.36798e-07 0
-5.3 1.50339e-07 0
-5.2 1.42772e-07 0
-5.1 1.5128e-07 0
-5 1.4216e-07 0
-4.9 1.37208e-07 0
-4.8 1.34384e-07 0
-4.7 1.2303e-07 0
-4.6 1.22162e-07 0
-4.5 1.36512e-07 0
-4.4 1.39927e-07 0
-4.3 1.37519e-07 0
-4.2 1.33807e-07 0
-4.1 1.36459e-07 0
-4 1.35979e-07 0
-3.9 1.22246e-07 0
-3.8 1.47337e-07 0
-3.7 1.33908e-07 0
-3.6 1.26024e-07 0
-3.5 1.40915e-07 0
-3.4 1.21805e-07 0
-3.3 1.11662e-07 0
-3.2 1.32067e-07 0
-3.1 1.17134e-07 0
-3 1.24238e-07 0
-2.9 1.36228e-07 0
-2.8 1.27868e-07 0
-2.7 1.15199e-07 0
-2.6 1.19542e-07 0
-2.5 1.04921e-07 0
-2.4 1.28174e-07 0
-2.3 1.0035e-07 0
-2.2 1.09468e-07 0
-2.1 1.16897e-07 0
-2 1.0376e-07 0
-1.9 1.13027e-07 0
-1.8 1.00714e-07 0
-1.7 1.13844e-07 0
-1.6 9.14184e-08 0
-1.5 1.1006e-07 0
-1.4 1.0025e-07 0
-1.3 9.28184e-08 0
-1.2 1.03059e-07 0
-1.1 9.39075e-08 0
-1 1.15873e-07 0
-0.9 9.88944e-08 0
-0.8 1.06108e-07 0
-0.7 9.52178e-08 0
-0.6 1.06983e-07 0
-0.5 1.18065e-07 0
-0.4 1.09067e-07 0
-0.3 9.80968e-08 0
-0.2 8.23184e-08 0
-0.1 1.0404e-07 0
8.88178e-16 8.54909e-08 0
0.1 9.17546e-08 0
0.2 7.67113e-08 0
0.3 6.97139e-08 0
0.4 7.90328e-08 0
0.5 8.68793e-08 0
0.6 8.0869e-08 0
0.7 7.2301e-08 0
0.8 8.33541e-08 0
0.9 7.7464e-08 0
1 8.26752e-08 0
1.1 7.62149e-08 0
1.2 7.91737e-08 0
1.3 7.0834e-08 0
1.4 6.02052e-08 0
1.5 5.80422e-08 0
1.6 4.9512e-08 0
1.7 7.22699e-08 0
1.8 6.43273e-08 0
1.9 5.94563e-08 0
2 4.78043e-08 0
2.1 4.77895e-08 0
2.2 5.31328e-08 0
2.3 5.36059e-08 0
2.4 3.91419e-08 0
2.5 4.58137e-08 0
2.6 4.29881e-08 0
2.7 3.79027e-08 0
2.8 3.15362e-08 0
2.9 3.93301e-08 0
3 2.9089e-08 0
3.1 3.11722e-08 0
3.2 2.6153e-08 0
3.3 2.38427e-08 0
3.4 1.66738e-08 0
3.5 2.11803e-08 0
3.6 1.97313e-08 0
3.7 1.73589e-08 0
3.8 1.0917e-08 0
3.9 1.03876e-08 0
4 8.90455e-09 0
4.1 8.37348e-09 0
4.2 3.9432e-09 0
4.3 3.73138e-09 0
4.4 1.5371e-09 0
4.5 1.50828e-09 0
4.6 9.24455e-10 0
4.7 6.26364e-10 0
4.8 3.30496e-10 0
4.9 5.84532e-25 0
5 6.58124e-11 0
5.1 6.26401e-10 0
5.2 5.58347e-24 0
5.3 0 0
5.4 6.41371e-11 0
5.5 1.46832e-24 0
5.6 1.65318e-10 0
5.7 1.47342e-24 0
5.8 3.47404e-10 0
5.9 6.15216e-24 0
6 1.8665e-10 0
6.1 0 0
6.2 0 0
6.3 0 0
6.4 0 0
6.5 0 0
6.6 0 0
6.7 0 0
6.8 0 0
6.9 1.13863e-10 0
7 0 0
7.1 1.74162e-10 0
7.2 0 0
7.3 0 0
7.4 0 0
7.5 0 0
7.6 0 0
7.7 7.57565e-11 0
7.8 0 0
7.9 1.14623e-11 0
8 0 0
8.1 0 0
8.2 0 0
8.3 0 0
8.4 0 0
8.5 1.55644e-11 0
8.6 0 0
8.7 3.64507e-11 0
8.8 2.52134e-10 0
8.9 0 0
9 1.82606e-24 0
9.1 1.02798e-10 0
9.2 6.13092e-11 0
9.3 3.15801e-10 0
9.4 0 0
9.5 4.46614e-11 0
9.6 0 0
9.7 7.41529e-11 0
9.8 0 0
9.9 0 0
10 8.10741e-11 0
10.1 0 0
10.2 1.27796e-10 0
