-10.2 0.0615253 0
-10.1 0.0616469 0
-10 0.0617858 0
-9.9 0.0619169 0
-9.8 0.0620396 0
-9.7 0.0621716 0
-9.6 0.0622898 0
-9.5 0.0624337 0
-9.4 0.0625674 0
-9.3 0.0627094 0
-9.2 0.0628453 0
-9.1 0.062987 0
-9 0.0631257 0
-8.9 0.0632851 0
-8.8 0.0634341 0
-8.7 0.0635995 0
-8.6 0.0637645 0
-8.5 0.0639258 0
-8.4 0.0640946 0
-8.3 0.0642611 0
-8.2 0.064446 0
-8.1 0.0646275 0
-8 0.064815 0
-7.9 0.0650108 0
-7.8 0.0652027 0
-7.7 0.0654073 0
-7.6 0.065616 0
-7.5 0.0658373 0
-7.4 0.066068 0
-7.3 0.0663104 0
-7.2 0.0665444 0
-7.1 0.0667982 0
-7 0.0670492 0
-6.9 0.0673217 0
-6.8 0.0675961 0
-6.7 0.0678852 0
-6.6 0.0681887 0
-6.5 0.0685032 0
-6.4 0.0688214 0
-6.3 0.0691623 0
-6.2 0.0695198 0
-6.1 0.0698984 0
-6 0.0703144 0
-5.9 0.0707384 0
-5.8 0.0711852 0
-5.7 0.071674 0
-5.6 0.0722028 0
-5.5 0.0727576 0
-5.4 0.0733949 0
-5.3 0.0740985 0
-5.2 0.074911 0
-5.1 0.0758697 0
-5 0.0770027 0
-4.9 0.0780711 0
-4.8 0.0787788 0
-4.7 0.0789339 0
-4.6 0.0788427 0
-4.5 0.0788976 0
-4.4 0.0789822 0
-4.3 0.0788941 0
-4.2 0.078787 0
-4.1 0.0789017 0
-4 0.0790193 0
-3.9 0.078904 0
-3.8 0.0787611 0
-3.7 0.0788427 0
-3.6 0.0789855 0
-3.5 0.0789219 0
-3.4 0.0787896 0
-3.3 0.0788368 0
-3.2 0.0790165 0
-3.1 0.0789947 0
-3 0.0788624 0
-2.9 0.0788551 0
-2.8 0.0790433 0
-2.7 0.0791386 0
-2.6 0.0790027 0
-2.5 0.0788872 0
-2.4 0.0790567 0
-2.3 0.0792166 0
-2.2 0.0791537 0
-2.1 0.0790383 0
-2 0.0791014 0
-1.9 0.0793274 0
-1.8 0.0794654 0
-1.7 0.0793444 0
-1.6 0.0792657 0
-1.5 0.0794477 0
-1.4 0.0797141 0
-1.3 0.0797772 0
-1.2 0.079673 0
-1.1 0.0796988 0
-1 0.0799327 0
-0.9 0.0802014 0
-0.8 0.0802405 0
-0.7 0.0801085 0
-0.6 0.0801769 0
-0.5 0.0805515 0
-0.4 0.0808328 0
-0.3 0.0808064 0
-0.2 0.08106 0
-0.1 0.0813092 0
8.88178e-16 0.0818242 0
0.1 0.0820579 0
0.2 0.0819187 0
0.3 0.0815785 0
0.4 0.082001 0
0.5 0.0824788 0
0.6 0.0825507 0
0.7 0.0823873 0
0.8 0.0824365 0
0.9 0.0829266 0
1 0.0835212 0
1.1 0.0837118 0
1.2 0.0834824 0
1.3 0.0834148 0
1.4 0.0838789 0
1.5 0.0845465 0
1.6 0.0848855 0
1.7 0.0847149 0
1.8 0.0844671 0
1.9 0.0846886 0
2 0.0854981 0
2.1 0.0860836 0
2.2 0.0859961 0
2.3 0.0856005 0
2.4 0.0855737 0
2.5 0.0863117 0
2.6 0.0871881 0
2.7 0.0874537 0
2.8 0.0869332 0
2.9 0.0864361 0
3 0.0868367 0
3.1 0.0878272 0
3.2 0.0885627 0
3.3 0.0882433 0
3.4 0.0874329 0
3.5 0.0872808 0
3.6 0.0881814 0
3.7 0.089356 0
3.8 0.0896803 0
3.9 0.088733 0
4 0.0875222 0
4.1 0.0874657 0
4.2 0.0888047 0
4.3 0.0905166 0
4.4 0.0914521 0
4.5 0.0914602 0
4.6 0.0920153 0
4.7 0.0933339 0
4.8 0.0933374 0
4.9 0.0881902 0
5 0.0751351 0
5.1 0.0554067 0
5.2 0.0346484 0
5.3 0.0180817 0
5.4 0.00771784 0
5.5 0.00268364 0
5.6 0.000747237 0
5.7 0.00017585 0
5.8 3.42145e-05 0
5.9 4.86115e-06 0
6 5.75103e-07 0
6.1 1.70207e-07 0
6.2 0 0
6.3 0 0
6.4 0 0
6.5 0 0
6.6 0 0
6.7 0 0
6.8 0 0
6.9 0 0
7 0 0
7.1 0 0
7.2 0 0
7.3 0 0
7.4 0 0
7.5 0 0
7.6 0 0
7.7 0 0
7.8 0 0
7.9 0 0
8 0 0
8.1 0 0
8.2 0 0
8.3 0 0
8.4 0 0
8.5 0 0
8.6 0 0
8.7 0 0
8.8 0 0
8.9 0 0
9 0 0
9.1 0 0
9.2 0 0
9.3 0 0
9.4 0 0
9.5 0 0
9.6 0 0
9.7 0 0
9.8 0 0
9.9 0 0
10 0 0
10.1 0 0
10.2 0 0
