-10.2 3.11805e-05 0
-10.1 3.46787e-05 0
-10 4.0045e-05 0
-9.9 3.75321e-05 0
-9.8 3.96288e-05 0
-9.7 3.96283e-05 0
-9.6 3.66659e-05 0
-9.5 3.89088e-05 0
-9.4 3.70176e-05 0
-9.3 3.31157e-05 0
-9.2 3.99968e-05 0
-9.1 3.84177e-05 0
-9 3.6426e-05 0
-8.9 3.57701e-05 0
-8.8 3.97376e-05 0
-8.7 3.70314e-05 0
-8.6 3.45225e-05 0
-8.5 3.802e-05 0
-8.4 3.43567e-05 0
-8.3 3.59067e-05 0
-8.2 3.47602e-05 0
-8.1 3.52387e-05 0
-8 3.85382e-05 0
-7.9 3.93532e-05 0
-7.8 3.46725e-05 0
-7.7 3.18381e-05 0
-7.6 3.25287e-05 0
-7.5 3.31172e-05 0
-7.4 3.37378e-05 0
-7.3 3.73825e-05 0
-7.2 3.55049e-05 0
-7.1 3.32699e-05 0
-7 3.40748e-05 0
-6.9 3.24329e-05 0
-6.8 2.78821e-05 0
-6.7 3.05409e-05 0
-6.6 2.75271e-05 0
-6.5 2.59875e-05 0
-6.4 3.11018e-05 0
-6.3 2.75352e-05 0
-6.2 2.80901e-05 0
-6.1 2.56696e-05 0
-6 3.06587e-05 0
-5.9 2.72099e-05 0
-5.8 3.14777e-05 0
-5.7 2.8587e-05 0
-5.6 2.78844e-05 0
-5.5 3.01206e-05 0
-5.4 2.72603e-05 0
-5.3 2.63086e-05 0
-5.2 2.53237e-05 0
-5.1 2.47207e-05 0
-5 2.74801e-05 0
-4.9 2.46852e-05 0
-4.8 2.62168e-05 0
-4.7 2.90778e-05 0
-4.6 2.60598e-05 0
-4.5 2.57956e-05 0
-4.4 2.74744e-05 0
-4.3 2.72764e-05 0
-4.2 2.72253e-05 0
-4.1 2.27261e-05 0
-4 2.48113e-05 0
-3.9 2.58472e-05 0
-3.8 2.34367e-05 0
-3.7 2.35073e-05 0
-3.6 2.24493e-05 0
-3.5 2.48636e-05 0
-3.4 2.52238e-05 0
-3.3 2.4756e-05 0
-3.2 2.02384e-05 0
-3.1 2.45138e-05 0
-3 2.2465e-05 0
-2.9 2.31267e-05 0
-2.8 2.34854e-05 0
-2.7 2.13281e-05 0
-2.6 2.02966e-05 0
-2.5 2.27938e-05 0
-2.4 2.01296e-05 0
-2.3 1.9437e-05 0
-2.2 2.0135e-05 0
-2.1 1.94068e-05 0
-2 1.74273e-05 0
-1.9 1.87174e-05 0
-1.8 1.63181e-05 0
-1.7 1.79502e-05 0
-1.6 1.88379e-05 0
-1.5 1.76885e-05 0
-1.4 1.86836e-05 0
-1.3 1.76059e-05 0
-1.2 1.8922e-05 0
-1.1 1.8563e-05 0
-1 1.77198e-05 0
-0.9 1.53771e-05 0
-0.8 1.66353e-05 0
-0.7 1.68821e-05 0
-0.6 1.55048e-05 0
-0.5 1.57082e-05 0
-0.4 1.49864e-05 0
-0.3 1.62243e-05 0
-0.2 1.24563e-05 0
-0.1 1.38506e-05 0
8.88178e-16 1.29526e-05 0
0.1 1.44536e-05 0
0.2 1.29298e-05 0
0.3 1.10084e-05 0
0.4 1.22514e-05 0
0.5 1.22683e-05 0
0.6 1.02231e-05 0
0.7 1.17652e-05 0
0.8 8.93255e-06 0
0.9 1.05254e-05 0
1 9.37591e-06 0
1.1 1.10688e-05 0
1.2 9.75733e-06 0
1.3 9.06885e-06 0
1.4 9.15627e-06 0
1.5 7.7461e-06 0
1.6 8.1593e-06 0
1.7 5.91817e-06 0
1.8 8.5998e-06 0
1.9 7.95531e-06 0
2 8.57094e-06 0
2.1 5.44895e-06 0
2.2 6.23539e-06 0
2.3 4.69221e-06 0
2.4 4.73246e-06 0
2.5 4.6629e-06 0
2.6 3.63733e-06 0
2.7 2.78629e-06 0
2.8 4.10373e-06 0
2.9 2.54762e-06 0
3 2.73479e-06 0
3.1 2.319e-06 0
3.2 1.5443e-06 0
3.3 1.65042e-06 0
3.4 1.78237e-06 0
3.5 1.37792e-06 0
3.6 1.27126e-06 0
3.7 8.42972e-07 0
3.8 1.11647e-06 0
3.9 1.32353e-06 0
4 1.45979e-06 0
4.1 5.73329e-07 0
4.2 8.6554e-07 0
4.3 6.22872e-07 0
4.4 1.24532e-06 0
4.5 3.9062e-07 0
4.6 1.00341e-06 0
4.7 5.79072e-07 0
4.8 5.00423e-07 0
4.9 6.54234e-07 0
5 6.1006e-07 0
5.1 1.30795e-06 0
5.2 3.4821e-07 0
5.3 1.0589e-06 0
5.4 1.24338e-06 0
5.5 4.04328e-08 0
5.6 7.71527e-07 0
5.7 5.5347e-07 0
5.8 4.11184e-07 0
5.9 6.44131e-07 0
6 1.67054e-06 0
6.1 3.81621e-07 0
6.2 4.85785e-07 0
6.3 8.30644e-07 0
6.4 2.53289e-07 0
6.5 3.88635e-07 0
6.6 1.06688e-06 0
6.7 6.21542e-07 0
6.8 6.7002e-07 0
6.9 8.76326e-08 0
7 2.60329e-07 0
7.1 3.80141e-07 0
7.2 3.64444e-07 0
7.3 2.57867e-07 0
7.4 2.62676e-07 0
7.5 1.68485e-07 0
7.6 4.93239e-07 0
7.7 1.5245e-07 0
7.8 1.38787e-07 0
7.9 1.65669e-07 0
8 4.24858e-07 0
8.1 3.74175e-07 0
8.2 5.97076e-07 0
8.3 5.2859e-08 0
8.4 9.0369e-08 0
8.5 5.31607e-07 0
8.6 9.33548e-08 0
8.7 1.70283e-07 0
8.8 6.72601e-08 0
8.9 3.23138e-07 0
9 1.73685e-07 0
9.1 6.61644e-07 0
9.2 4.50027e-08 0
9.3 4.68734e-07 0
9.4 1.25328e-07 0
9.5 2.39282e-07 0
9.6 2.92822e-07 0
9.7 1.66841e-07 0
9.8 1.7759e-07 0
9.9 1.653e-07 0
10 1.60012e-09 0
10.1 1.04211e-07 0
10.2 3.71585e-07 0
