-7.23 0 0
-7.13 2.01839e-05 0
-7.03 2.02545e-05 0
-6.93 1.83864e-05 0
-6.83 1.6214e-05 0
-6.73 2.10286e-05 0
-6.63 2.07325e-05 0
-6.53 1.82379e-05 0
-6.43 2.17063e-05 0
-6.33 1.66043e-05 0
-6.23 2.31647e-05 0
-6.13 2.20663e-05 0
-6.03 2.13076e-05 0
-5.93 2.0205e-05 0
-5.83 2.32632e-05 0
-5.73 2.01491e-05 0
-5.63 2.11414e-05 0
-5.53 1.87671e-05 0
-5.43 1.66104e-05 0
-5.33 1.77711e-05 0
-5.23 1.70049e-05 0
-5.13 1.76671e-05 0
-5.03 1.56017e-05 0
-4.93 1.53911e-05 0
-4.83 1.52744e-05 0
-4.73 1.78866e-05 0
-4.63 1.7938e-05 0
-4.53 1.83675e-05 0
-4.43 1.39203e-05 0
-4.33 1.72698e-05 0
-4.23 1.70661e-05 0
-4.13 1.49055e-05 0
-4.03 1.41894e-05 0
-3.93 1.58509e-05 0
-3.83 1.86345e-05 0
-3.73 1.69386e-05 0
-3.63 1.42189e-05 0
-3.53 1.41524e-05 0
-3.43 1.50978e-05 0
-3.33 1.51595e-05 0
-3.23 1.5626e-05 0
-3.13 1.40495e-05 0
-3.03 1.70479e-05 0
-2.93 1.94577e-05 0
-2.83 1.15804e-05 0
-2.73 1.28845e-05 0
-2.63 1.31742e-05 0
-2.53 1.33678e-05 0
-2.43 1.3187e-05 0
-2.33 1.33448e-05 0
-2.23 1.23562e-05 0
-2.13 1.12039e-05 0
-2.03 1.33012e-05 0
-1.93 1.37779e-05 0
-1.83 1.2944e-05 0
-1.73 9.46368e-06 0
-1.63 1.10645e-05 0
-1.53 9.7194e-06 0
-1.43 1.00275e-05 0
-1.33 1.10071e-05 0
-1.23 9.55214e-06 0
-1.13 9.91445e-06 0
-1.03 6.78522e-06 0
-0.93 7.19612e-06 0
-0.83 8.63549e-06 0
-0.73 1.04722e-05 0
-0.63 8.73447e-06 0
-0.53 9.05854e-06 0
-0.43 6.8505e-06 0
-0.33 5.92705e-06 0
-0.23 5.86121e-06 0
-0.13 5.05451e-06 0
-0.03 7.20993e-06 0
0.07 5.8007e-06 0
0.17 4.24733e-06 0
0.27 4.09237e-06 0
0.37 6.81147e-06 0
0.47 4.32475e-06 0
0.57 4.01806e-06 0
0.67 2.71453e-06 0
0.77 3.01473e-06 0
0.87 3.30773e-06 0
0.97 2.01106e-06 0
1.07 2.39668e-06 0
1.17 2.21666e-06 0
1.27 1.63232e-06 0
1.37 1.04032e-06 0
1.47 1.84319e-06 0
1.57 1.54963e-06 0
1.67 8.26567e-07 0
1.77 1.96767e-07 0
1.87 8.67323e-07 0
1.97 3.77371e-07 0
2.07 1.0168e-06 0
2.17 7.48626e-07 0
2.27 2.64252e-07 0
2.37 6.338e-07 0
2.47 1.87743e-07 0
2.57 2.51463e-21 0
2.67 1.57312e-07 0
2.77 2.02109e-07 0
2.87 2.22982e-07 0
2.97 2.69823e-21 0
3.07 6.07588e-07 0
3.17 7.52914e-08 0
3.27 3.69121e-07 0
3.37 2.68395e-07 0
3.47 1.09096e-22 0
3.57 2.45662e-08 0
3.67 2.72228e-07 0
3.77 3.31422e-07 0
3.87 6.72572e-07 0
3.97 3.18227e-07 0
4.07 2.70096e-07 0
4.17 1.924e-07 0
4.27 5.88638e-07 0
4.37 7.48326e-08 0
4.47 1.36657e-07 0
4.57 3.1583e-07 0
4.67 3.35597e-07 0
4.77 4.32373e-07 0
4.87 4.64602e-07 0
4.97 3.47394e-07 0
5.07 4.71705e-08 0
5.17 2.36416e-08 0
5.27 1.87469e-07 0
5.37 1.94972e-07 0
5.47 3.92127e-07 0
5.57 2.2631e-07 0
5.67 1.34966e-07 0
5.77 5.29593e-07 0
5.87 1.53678e-07 0
5.97 1.53718e-07 0
6.07 1.64498e-07 0
6.17 1.88094e-07 0
6.27 2.40582e-07 0
6.37 1.47699e-07 0
6.47 3.44696e-07 0
6.57 4.2967e-08 0
6.67 1.84626e-07 0
6.77 8.25742e-09 0
6.87 1.87514e-07 0
6.97 5.97477e-07 0
7.07 4.16877e-07 0
7.17 4.79501e-07 0
7.27 3.57252e-07 0
7.37 1.99952e-07 0
7.47 1.29061e-07 0
7.57 2.30287e-21 0
7.67 9.99249e-08 0
7.77 2.75972e-08 0
7.87 3.61909e-07 0
7.97 1.14321e-07 0
8.07 3.29503e-08 0
8.17 1.11661e-07 0
8.27 2.01072e-07 0
8.37 1.89819e-07 0
8.47 1.24111e-07 0
8.57 1.08732e-07 0
8.67 2.50023e-07 0
8.77 1.21202e-07 0
8.87 4.46723e-08 0
8.97 4.58938e-07 0
9.07 2.79762e-07 0
9.17 7.63556e-08 0
9.27 3.46e-07 0
9.37 7.39542e-08 0
9.47 1.32349e-21 0
9.57 0 0
9.67 1.13915e-07 0
9.77 2.02494e-21 0
9.87 4.41745e-07 0
9.97 7.83505e-21 0
10.07 7.68072e-08 0
10.17 2.51526e-07 0
10.27 4.44692e-21 0
10.37 0 0
10.47 6.47946e-08 0
10.57 1.15144e-21 0
10.67 0 0
10.77 0 0
10.87 0 0
10.97 0 0
11.07 3.6968e-08 0
11.17 0 0
11.27 0 0
11.37 2.96842e-08 0
11.47 5.29396e-22 0
11.57 0 0
11.67 0 0
11.77 0 0
11.87 0 0
11.97 0 0
12.07 5.17215e-08 0
12.17 5.42515e-08 0
12.27 9.5953e-22 0
12.37 8.23442e-08 0
12.47 0 0
12.57 0 0
12.67 6.40576e-08 0
12.77 1.1382e-21 0
12.87 0 0
12.97 0 0
13.07 0 0
13.17 1.30457e-07 0
