-7.23 0 0
-7.13 0.050515 0
-7.03 0.0507061 0
-6.93 0.0509024 0
-6.83 0.0511016 0
-6.73 0.0512884 0
-6.63 0.0514954 0
-6.53 0.0517026 0
-6.43 0.0519036 0
-6.33 0.0521244 0
-6.23 0.0523319 0
-6.13 0.0525665 0
-6.03 0.0527953 0
-5.93 0.0530294 0
-5.83 0.0532618 0
-5.73 0.053515 0
-5.63 0.0537743 0
-5.53 0.0540413 0
-5.43 0.0543128 0
-5.33 0.054587 0
-5.23 0.0548761 0
-5.13 0.0551724 0
-5.03 0.0554816 0
-4.93 0.0558092 0
-4.83 0.0561355 0
-4.73 0.0564614 0
-4.63 0.0568122 0
-4.53 0.0571699 0
-4.43 0.057537 0
-4.33 0.0579272 0
-4.23 0.0583367 0
-4.13 0.058758 0
-4.03 0.0592075 0
-3.93 0.0596706 0
-3.83 0.0601362 0
-3.73 0.0606444 0
-3.63 0.0611675 0
-3.53 0.0617244 0
-3.43 0.0623164 0
-3.33 0.0629434 0
-3.23 0.0636125 0
-3.13 0.0643224 0
-3.03 0.06509 0
-2.93 0.0659133 0
-2.83 0.0668156 0
-2.73 0.0678187 0
-2.63 0.0689312 0
-2.53 0.0702312 0
-2.43 0.07179 0
-2.33 0.0737542 0
-2.23 0.0759399 0
-2.13 0.0772609 0
-2.03 0.0768504 0
-1.93 0.0761263 0
-1.83 0.0761631 0
-1.73 0.0761404 0
-1.63 0.0761895 0
-1.53 0.0767265 0
-1.43 0.0770161 0
-1.33 0.0768806 0
-1.23 0.0769817 0
-1.13 0.0773276 0
-1.03 0.0772261 0
-0.93 0.0772313 0
-0.83 0.0777106 0
-0.73 0.0780516 0
-0.63 0.0778253 0
-0.53 0.0777526 0
-0.43 0.0782482 0
-0.33 0.0785679 0
-0.23 0.0782929 0
-0.13 0.0782974 0
-0.03 0.078833 0
0.07 0.0793064 0
0.17 0.0792486 0
0.27 0.0791418 0
0.37 0.0795988 0
0.47 0.0801319 0
0.57 0.080181 0
0.67 0.0799882 0
0.77 0.0803036 0
0.87 0.081017 0
0.97 0.0813301 0
1.07 0.0811145 0
1.17 0.0810029 0
1.27 0.0815458 0
1.37 0.0823804 0
1.47 0.082563 0
1.57 0.0822622 0
1.67 0.0822039 0
1.77 0.0828855 0
1.87 0.0837359 0
1.97 0.0840848 0
2.07 0.0837341 0
2.17 0.0841408 0
2.27 0.0850634 0
2.37 0.0851193 0
2.47 0.0839494 0
2.57 0.0828059 0
2.67 0.0819031 0
2.77 0.0790557 0
2.87 0.0712229 0
2.97 0.0572896 0
3.07 0.0395655 0
3.17 0.0230438 0
3.27 0.0111928 0
3.37 0.00450462 0
3.47 0.00149057 0
3.57 0.000401231 0
3.67 8.25875e-05 0
3.77 1.6113e-05 0
3.87 1.98319e-06 0
3.97 4.52055e-07 0
4.07 8.04681e-21 0
4.17 0 0
4.27 0 0
4.37 0 0
4.47 0 0
4.57 0 0
4.67 0 0
4.77 0 0
4.87 0 0
4.97 0 0
5.07 0 0
5.17 0 0
5.27 0 0
5.37 0 0
5.47 0 0
5.57 0 0
5.67 0 0
5.77 0 0
5.87 0 0
5.97 0 0
6.07 0 0
6.17 0 0
6.27 0 0
6.37 0 0
6.47 0 0
6.57 0 0
6.67 0 0
6.77 0 0
6.87 0 0
6.97 0 0
7.07 0 0
7.17 0 0
7.27 0 0
7.37 0 0
7.47 0 0
7.57 0 0
7.67 0 0
7.77 0 0
7.87 0 0
7.97 0 0
8.07 0 0
8.17 0 0
8.27 0 0
8.37 0 0
8.47 0 0
8.57 0 0
8.67 0 0
8.77 0 0
8.87 0 0
8.97 0 0
9.07 0 0
9.17 0 0
9.27 0 0
9.37 0 0
9.47 0 0
9.57 0 0
9.67 0 0
9.77 0 0
9.87 0 0
9.97 0 0
10.07 0 0
10.17 0 0
10.27 0 0
10.37 0 0
10.47 0 0
10.57 0 0
10.67 0 0
10.77 0 0
10.87 0 0
10.97 0 0
11.07 0 0
11.17 0 0
11.27 0 0
11.37 0 0
11.47 0 0
11.57 0 0
11.67 0 0
11.77 0 0
11.87 0 0
11.97 0 0
12.07 0 0
12.17 0 0
12.27 0 0
12.37 0 0
12.47 0 0
12.57 0 0
12.67 0 0
12.77 0 0
12.87 0 0
12.97 0 0
13.07 0 0
13.17 0 0
