-7.23 0 0
-7.13 1.07054e-07 0
-7.03 1.08442e-07 0
-6.93 1.03359e-07 0
-6.83 1.24283e-07 0
-6.73 1.09115e-07 0
-6.63 1.11313e-07 0
-6.53 1.09023e-07 0
-6.43 1.11604e-07 0
-6.33 1.19324e-07 0
-6.23 1.14679e-07 0
-6.13 1.06462e-07 0
-6.03 1.13975e-07 0
-5.93 1.11909e-07 0
-5.83 1.02571e-07 0
-5.73 1.0966e-07 0
-5.63 1.17867e-07 0
-5.53 1.04828e-07 0
-5.43 1.21766e-07 0
-5.33 1.07948e-07 0
-5.23 1.16504e-07 0
-5.13 1.12881e-07 0
-5.03 1.00228e-07 0
-4.93 8.53018e-08 0
-4.83 9.56303e-08 0
-4.73 1.06408e-07 0
-4.63 1.02166e-07 0
-4.53 8.88125e-08 0
-4.43 1.09534e-07 0
-4.33 9.94745e-08 0
-4.23 1.06781e-07 0
-4.13 9.96008e-08 0
-4.03 9.21092e-08 0
-3.93 8.65089e-08 0
-3.83 9.8462e-08 0
-3.73 1.14537e-07 0
-3.63 1.08541e-07 0
-3.53 1.01767e-07 0
-3.43 9.70264e-08 0
-3.33 1.00267e-07 0
-3.23 9.33082e-08 0
-3.13 8.67559e-08 0
-3.03 8.80316e-08 0
-2.93 9.4917e-08 0
-2.83 8.41695e-08 0
-2.73 7.38178e-08 0
-2.63 8.68921e-08 0
-2.53 8.39027e-08 0
-2.43 8.34918e-08 0
-2.33 8.67861e-08 0
-2.23 8.04731e-08 0
-2.13 9.59961e-08 0
-2.03 6.85362e-08 0
-1.93 7.93235e-08 0
-1.83 6.99402e-08 0
-1.73 8.16898e-08 0
-1.63 8.75375e-08 0
-1.53 7.21169e-08 0
-1.43 8.60324e-08 0
-1.33 8.17002e-08 0
-1.23 8.1346e-08 0
-1.13 5.40306e-08 0
-1.03 6.90845e-08 0
-0.93 6.31282e-08 0
-0.83 7.11169e-08 0
-0.73 6.07699e-08 0
-0.63 6.8179e-08 0
-0.53 5.73188e-08 0
-0.43 6.2738e-08 0
-0.33 5.57828e-08 0
-0.23 5.37029e-08 0
-0.13 5.58401e-08 0
-0.03 6.00131e-08 0
0.07 5.31618e-08 0
0.17 5.14983e-08 0
0.27 4.36027e-08 0
0.37 4.23666e-08 0
0.47 4.36792e-08 0
0.57 3.66884e-08 0
0.67 3.49301e-08 0
0.77 3.94763e-08 0
0.87 3.14825e-08 0
0.97 2.68802e-08 0
1.07 2.87006e-08 0
1.17 2.5585e-08 0
1.27 2.14461e-08 0
1.37 2.1805e-08 0
1.47 1.5694e-08 0
1.57 1.43343e-08 0
1.67 1.33879e-08 0
1.77 1.20592e-08 0
1.87 6.50975e-09 0
1.97 1.09301e-08 0
2.07 4.75981e-09 0
2.17 4.19013e-09 0
2.27 4.55926e-09 0
2.37 1.98777e-09 0
2.47 1.03541e-09 0
2.57 4.21852e-10 0
2.67 3.09225e-10 0
2.77 1.34417e-24 0
2.87 3.98117e-10 0
2.97 5.06709e-11 0
3.07 6.78547e-25 0
3.17 2.39806e-11 0
3.27 1.06629e-25 0
3.37 0 0
3.47 0 0
3.57 0 0
3.67 9.42975e-11 0
3.77 4.1359e-25 0
3.87 5.598e-24 0
3.97 1.26056e-09 0
4.07 9.83535e-10 0
4.17 2.62382e-11 0
4.27 2.32645e-25 0
4.37 0 0
4.47 0 0
4.57 0 0
4.67 0 0
4.77 0 0
4.87 0 0
4.97 0 0
5.07 0 0
5.17 2.52823e-10 0
5.27 2.22305e-24 0
5.37 0 0
5.47 0 0
5.57 0 0
5.67 0 0
5.77 0 0
5.87 0 0
5.97 0 0
6.07 0 0
6.17 2.09626e-11 0
6.27 4.54094e-10 0
6.37 0 0
6.47 0 0
6.57 0 0
6.67 0 0
6.77 0 0
6.87 0 0
6.97 0 0
7.07 7.20555e-11 0
7.17 1.02016e-10 0
7.27 5.58524e-11 0
7.37 0 0
7.47 0 0
7.57 0 0
7.67 0 0
7.77 0 0
7.87 0 0
7.97 0 0
8.07 0 0
8.17 0 0
8.27 0 0
8.37 0 0
8.47 0 0
8.57 0 0
8.67 0 0
8.77 0 0
8.87 0 0
8.97 0 0
9.07 0 0
9.17 0 0
9.27 0 0
9.37 0 0
9.47 0 0
9.57 0 0
9.67 4.66687e-11 0
9.77 8.27181e-25 0
9.87 0 0
9.97 0 0
10.07 0 0
10.17 0 0
10.27 0 0
10.37 7.29147e-12 0
10.47 1.29247e-25 0
10.57 2.19392e-10 0
10.67 0 0
10.77 0 0
10.87 0 0
10.97 0 0
11.07 0 0
11.17 0 0
11.27 0 0
11.37 0 0
11.47 0 0
11.57 0 0
11.67 0 0
11.77 0 0
11.87 0 0
11.97 0 0
12.07 0 0
12.17 0 0
12.27 0 0
12.37 0 0
12.47 0 0
12.57 0 0
12.67 0 0
12.77 0 0
12.87 0 0
12.97 0 0
13.07 5.72275e-10 0
13.17 1.0133e-23 0
