-7.23 0 0
-7.13 7.32056e-07 0
-7.03 7.40083e-07 0
-6.93 7.28491e-07 0
-6.83 7.6352e-07 0
-6.73 7.31143e-07 0
-6.63 7.50027e-07 0
-6.53 7.13098e-07 0
-6.43 7.73271e-07 0
-6.33 7.20923e-07 0
-6.23 7.05956e-07 0
-6.13 7.47945e-07 0
-6.03 7.84569e-07 0
-5.93 7.51067e-07 0
-5.83 7.77954e-07 0
-5.73 7.3195e-07 0
-5.63 7.84641e-07 0
-5.53 7.34553e-07 0
-5.43 7.16576e-07 0
-5.33 7.27115e-07 0
-5.23 7.7062e-07 0
-5.13 7.85605e-07 0
-5.03 7.36387e-07 0
-4.93 7.35257e-07 0
-4.83 7.54011e-07 0
-4.73 7.21246e-07 0
-4.63 7.49057e-07 0
-4.53 7.32781e-07 0
-4.43 7.47496e-07 0
-4.33 7.3007e-07 0
-4.23 7.86367e-07 0
-4.13 7.45621e-07 0
-4.03 7.80781e-07 0
-3.93 7.88426e-07 0
-3.83 7.58007e-07 0
-3.73 7.77674e-07 0
-3.63 7.56896e-07 0
-3.53 7.60793e-07 0
-3.43 7.48844e-07 0
-3.33 7.94917e-07 0
-3.23 8.42387e-07 0
-3.13 8.40726e-07 0
-3.03 8.50018e-07 0
-2.93 7.74151e-07 0
-2.83 8.19452e-07 0
-2.73 8.18963e-07 0
-2.63 8.08009e-07 0
-2.53 7.85333e-07 0
-2.43 8.01778e-07 0
-2.33 8.1282e-07 0
-2.23 7.70859e-07 0
-2.13 7.93715e-07 0
-2.03 7.81919e-07 0
-1.93 7.91095e-07 0
-1.83 7.89056e-07 0
-1.73 7.96625e-07 0
-1.63 7.59382e-07 0
-1.53 7.56146e-07 0
-1.43 7.80127e-07 0
-1.33 8.03567e-07 0
-1.23 7.53205e-07 0
-1.13 7.50185e-07 0
-1.03 7.38788e-07 0
-0.93 7.78627e-07 0
-0.83 7.8014e-07 0
-0.73 7.59467e-07 0
-0.63 7.24105e-07 0
-0.53 7.85172e-07 0
-0.43 7.58467e-07 0
-0.33 7.2587e-07 0
-0.23 7.44456e-07 0
-0.13 7.28732e-07 0
-0.03 7.0961e-07 0
0.07 7.7708e-07 0
0.17 7.52183e-07 0
0.27 7.6262e-07 0
0.37 6.9555e-07 0
0.47 7.00248e-07 0
0.57 7.34788e-07 0
0.67 7.16917e-07 0
0.77 7.29895e-07 0
0.87 7.4269e-07 0
0.97 7.03517e-07 0
1.07 6.87818e-07 0
1.17 7.11038e-07 0
1.27 6.91523e-07 0
1.37 7.04778e-07 0
1.47 6.83827e-07 0
1.57 6.93357e-07 0
1.67 6.92461e-07 0
1.77 6.50687e-07 0
1.87 6.13183e-07 0
1.97 5.71551e-07 0
2.07 5.51116e-07 0
2.17 4.90058e-07 0
2.27 4.57435e-07 0
2.37 3.57666e-07 0
2.47 3.01989e-07 0
2.57 2.23835e-07 0
2.67 1.6018e-07 0
2.77 1.12134e-07 0
2.87 6.45564e-08 0
2.97 4.34194e-08 0
3.07 2.77196e-08 0
3.17 1.63237e-08 0
3.27 1.25244e-08 0
3.37 1.14819e-08 0
3.47 1.67227e-08 0
3.57 1.44408e-08 0
3.67 1.13665e-08 0
3.77 1.04095e-08 0
3.87 1.17686e-08 0
3.97 9.93963e-09 0
4.07 1.08679e-08 0
4.17 8.17492e-09 0
4.27 1.02118e-08 0
4.37 7.42639e-09 0
4.47 7.87411e-09 0
4.57 1.0503e-08 0
4.67 1.02559e-08 0
4.77 7.25067e-09 0
4.87 9.19463e-09 0
4.97 1.43217e-08 0
5.07 1.09671e-08 0
5.17 9.58709e-09 0
5.27 8.97728e-09 0
5.37 9.5256e-09 0
5.47 7.74234e-09 0
5.57 7.94496e-09 0
5.67 8.25226e-09 0
5.77 7.55277e-09 0
5.87 6.74401e-09 0
5.97 5.71272e-09 0
6.07 8.22224e-09 0
6.17 7.15002e-09 0
6.27 6.57328e-09 0
6.37 6.19786e-09 0
6.47 9.04488e-09 0
6.57 3.95592e-09 0
6.67 4.6357e-09 0
6.77 9.57618e-09 0
6.87 6.45375e-09 0
6.97 7.22719e-09 0
7.07 5.48274e-09 0
7.17 5.20444e-09 0
7.27 7.50005e-09 0
7.37 6.60665e-09 0
7.47 5.00172e-09 0
7.57 3.67171e-09 0
7.67 7.63698e-09 0
7.77 5.3231e-09 0
7.87 7.25006e-09 0
7.97 9.81225e-09 0
8.07 3.66258e-09 0
8.17 3.49013e-09 0
8.27 3.85444e-09 0
8.37 5.09211e-09 0
8.47 5.36206e-09 0
8.57 3.14186e-09 0
8.67 6.82184e-09 0
8.77 5.89186e-09 0
8.87 2.89615e-09 0
8.97 3.98287e-09 0
9.07 2.93356e-09 0
9.17 5.34321e-09 0
9.27 4.16616e-09 0
9.37 2.67036e-09 0
9.47 3.44363e-09 0
9.57 5.75531e-09 0
9.67 5.58198e-09 0
9.77 3.88211e-09 0
9.87 5.69293e-09 0
9.97 4.02106e-09 0
10.07 3.59513e-09 0
10.17 3.51129e-09 0
10.27 4.55891e-09 0
10.37 2.95234e-09 0
10.47 2.63433e-09 0
10.57 3.38817e-09 0
10.67 2.51758e-09 0
10.77 1.96056e-09 0
10.87 3.56953e-09 0
10.97 2.66203e-09 0
11.07 2.37358e-09 0
11.17 5.81337e-09 0
11.27 2.5603e-09 0
11.37 2.69379e-09 0
11.47 1.8429e-09 0
11.57 2.13219e-09 0
11.67 2.99646e-09 0
11.77 2.64404e-09 0
11.87 2.51956e-09 0
11.97 4.14046e-09 0
12.07 2.30245e-09 0
12.17 1.8795e-09 0
12.27 2.32926e-09 0
12.37 2.57348e-09 0
12.47 1.54261e-09 0
12.57 4.15486e-09 0
12.67 2.88239e-09 0
12.77 3.09055e-09 0
12.87 1.62353e-09 0
12.97 2.26763e-09 0
13.07 3.62604e-09 0
13.17 1.95186e-09 0
