-10.2 6.55346 0
-10.1 6.81871 0
-10 6.87114 0
-9.9 6.91789 0
-9.8 6.97057 0
-9.7 7.01715 0
-9.6 7.0624 0
-9.5 7.11143 0
-9.4 7.15456 0
-9.3 7.20095 0
-9.2 7.24914 0
-9.1 7.29516 0
-9 7.34379 0
-8.9 7.39018 0
-8.8 7.43837 0
-8.7 7.48769 0
-8.6 7.53679 0
-8.5 7.58667 0
-8.4 7.63849 0
-8.3 7.69188 0
-8.2 7.74504 0
-8.1 7.79968 0
-8 7.85155 0
-7.9 7.90938 0
-7.8 7.96724 0
-7.7 8.02674 0
-7.6 8.08685 0
-7.5 8.14764 0
-7.4 8.2125 0
-7.3 8.27746 0
-7.2 8.34535 0
-7.1 8.41235 0
-7 8.48211 0
-6.9 8.55871 0
-6.8 8.6362 0
-6.7 8.71311 0
-6.6 8.79434 0
-6.5 8.87842 0
-6.4 8.96685 0
-6.3 9.05511 0
-6.2 9.14684 0
-6.1 9.24689 0
-6 9.35402 0
-5.9 9.46056 0
-5.8 9.57541 0
-5.7 9.69645 0
-5.6 9.82527 0
-5.5 9.9638 0
-5.4 10.115 0
-5.3 10.2752 0
-5.2 10.4561 0
-5.1 10.6558 0
-5 10.8887 0
-4.9 11.1642 0
-4.8 11.4898 0
-4.7 11.8288 0
-4.6 12.1021 0
-4.5 12.3014 0
-4.4 12.4697 0
-4.3 12.6257 0
-4.2 12.7591 0
-4.1 12.8911 0
-4 13.0617 0
-3.9 13.2505 0
-3.8 13.4289 0
-3.7 13.6326 0
-3.6 13.844 0
-3.5 14.0333 0
-3.4 14.221 0
-3.3 14.4643 0
-3.2 14.7266 0
-3.1 14.9881 0
-3 15.2852 0
-2.9 15.631 0
-2.8 15.9329 0
-2.7 16.1492 0
-2.6 16.3673 0
-2.5 16.64 0
-2.4 16.8357 0
-2.3 16.916 0
-2.2 16.9841 0
-2.1 17.1632 0
-2 17.3588 0
-1.9 17.4979 0
-1.8 17.5905 0
-1.7 17.8113 0
-1.6 18.09 0
-1.5 18.2409 0
-1.4 18.3029 0
-1.3 18.4797 0
-1.2 18.8224 0
-1.1 19.1123 0
-1 19.2431 0
-0.9 19.2979 0
-0.8 19.5096 0
-0.7 19.8891 0
-0.6 20.2336 0
-0.5 20.3867 0
-0.4 20.573 0
-0.3 20.9775 0
-0.2 21.5255 0
-0.1 21.8624 0
8.88178e-16 22.0269 0
0.1 22.4862 0
0.2 23.343 0
0.3 23.9909 0
0.4 24.1446 0
0.5 24.2282 0
0.6 24.7672 0
0.7 25.6604 0
0.8 26.5031 0
0.9 26.8868 0
1 27.1091 0
1.1 27.7794 0
1.2 29.0278 0
1.3 30.3588 0
1.4 31.0822 0
1.5 31.1717 0
1.6 31.5334 0
1.7 32.9421 0
1.8 34.914 0
1.9 36.821 0
2 38.0773 0
2.1 39.358 0
2.2 42.2432 0
2.3 47.0977 0
2.4 53.6575 0
2.5 61.2277 0
2.6 68.0048 0
2.7 75.4643 0
2.8 81.651 0
2.9 84.3385 0
3 78.0915 0
3.1 65.2342 0
3.2 60.0418 0
3.3 59.4091 0
3.4 61.5192 0
3.5 65.1221 0
3.6 58.4327 0
3.7 58.6321 0
3.8 59.9401 0
3.9 57.9557 0
4 60.6223 0
4.1 58.3218 0
4.2 58.5194 0
4.3 55.0629 0
4.4 57.4413 0
4.5 57.9119 0
4.6 56.8389 0
4.7 59.1771 0
4.8 59.4655 0
4.9 61.5817 0
5 58.9068 0
5.1 61.679 0
5.2 60.7728 0
5.3 60.4303 0
5.4 58.5524 0
5.5 61.0568 0
5.6 62.6777 0
5.7 59.1244 0
5.8 57.7833 0
5.9 60.0063 0
6 58.3971 0
6.1 54.9674 0
6.2 54.8262 0
6.3 57.6842 0
6.4 58.7559 0
6.5 60.245 0
6.6 57.6048 0
6.7 56.1574 0
6.8 54.6656 0
6.9 54.5995 0
7 58.5832 0
7.1 63.1882 0
7.2 57.1187 0
7.3 60.4411 0
7.4 63.6069 0
7.5 60.9161 0
7.6 57.0501 0
7.7 55.3252 0
7.8 59.9601 0
7.9 54.6749 0
8 58.682 0
8.1 56.0924 0
8.2 53.4706 0
8.3 50.0495 0
8.4 49.6053 0
8.5 52.2607 0
8.6 52.0623 0
8.7 53.4846 0
8.8 54.5898 0
8.9 51.6577 0
9 53.1377 0
9.1 50.8615 0
9.2 51.5987 0
9.3 49.8383 0
9.4 52.4703 0
9.5 53.0437 0
9.6 53.1086 0
9.7 49.191 0
9.8 50.8487 0
9.9 48.2429 0
10 53.16 0
10.1 52.1427 0
10.2 54.4264 0
